# PPM25 splits for EmChemXX
# Data derived from IIASA 2010 estimates, scaling OC with 1.25, cap at PM2.5, DS: mkp.EmisSplitNov2011 script
# Key-word, MASS_ASSUMED= 0 by default,
# change when emissions have artificial mass, e.g. 46 for NOx as NO2
: MASS_ASSUMED 0 
99 99   POC_F_FFUEL EC_F_FFUEL  POC_F_WOOD  EC_F_WOOD  REMPPM25  #HEADERS  
#DATA
  1  1       4.26       3.47       0.00       0.00      92.27
  1  2      65.29      21.46       0.00       0.00      13.25
  1  3       1.35       1.10       0.00       0.00      97.55
  1  4       0.84       0.04       0.00       0.00      99.12
  1  5       0.00       0.00       0.00       0.00     100.00
  1  7      31.52      67.48       0.00       0.00       1.00
  1  8      35.83      41.67       0.00       0.00      22.50
  1  9      60.60       7.69       0.00       0.00      31.71
  1 10      47.14      11.95       0.00       0.00      40.91
  2  1       7.64       7.50       0.00       0.00      84.86
  2  2      43.10      46.27       0.00       0.00      10.63
  2  3       2.49       1.72       0.00       0.00      95.79
  2  4       0.51       0.88       0.00       0.00      98.61
  2  5       0.00       0.00       0.00       0.00     100.00
  2  7      36.18      61.70       0.00       0.00       2.12
  2  8      34.20      43.31       0.00       0.00      22.49
  2  9      55.64       8.46       0.00       0.00      35.90
  2 10       9.10       2.31       0.00       0.00      88.59
  3  1      26.38       4.34       0.00       0.00      69.28
  3  2      58.63      40.37       0.00       0.00       1.00
  3  3       5.56       4.32       0.00       0.00      90.12
  3  4       1.52       2.86       0.00       0.00      95.61
  3  5       0.00       0.00       0.00       0.00     100.00
  3  7      34.11      64.34       0.00       0.00       1.55
  3  8      41.94      39.02       0.00       0.00      19.04
  3  9      42.65      16.47       0.00       0.00      40.88
  3 10      22.77       5.77       0.00       0.00      71.45
  4  1       2.88       0.20       0.00       0.00      96.92
  4  2      64.70      24.29       0.00       0.00      11.01
  4  3       2.50       0.96       0.00       0.00      96.54
  4  4       2.11       0.88       0.00       0.00      97.01
  4  5       0.00       0.00       0.00       0.00     100.00
  4  7      47.91      51.09       0.00       0.00       1.00
  4  8      35.99      41.67       0.00       0.00      22.34
  4  9      55.82       8.11       0.00       0.00      36.07
  4 10      43.70      11.08       0.00       0.00      45.22
  6  1       2.79       2.46       0.00       0.00      94.75
  6  2      70.25      14.99       0.00       0.00      14.76
  6  3       1.64       1.30       0.00       0.00      97.06
  6  4       0.12       0.02       0.00       0.00      99.86
  6  5       0.00       0.00       0.00       0.00     100.00
  6  7      41.31      57.12       0.00       0.00       1.57
  6  8      40.99      39.46       0.00       0.00      19.55
  6  9      34.29      36.43       0.00       0.00      29.28
  6 10       6.16       1.56       0.00       0.00      92.28
  7  1       0.54       1.07       0.00       0.00      98.39
  7  2      48.27      37.56       0.00       0.00      14.16
  7  3       6.45       4.52       0.00       0.00      89.03
  7  4       0.10       0.22       0.00       0.00      99.68
  7  5       0.00       0.00       0.00       0.00     100.00
  7  7      41.88      57.12       0.00       0.00       1.00
  7  8      45.14      37.70       0.00       0.00      17.16
  7  9      56.26       7.76       0.00       0.00      35.98
  7 10       0.00       0.00       0.00       0.00     100.00
  8  1       2.19       3.32       0.00       0.00      94.49
  8  2      65.75      22.46       0.00       0.00      11.79
  8  3       1.47       1.12       0.00       0.00      97.41
  8  4       0.36       0.26       0.00       0.00      99.38
  8  5       0.00       0.00       0.00       0.00     100.00
  8  7      37.81      61.19       0.00       0.00       1.00
  8  8      37.36      41.28       0.00       0.00      21.36
  8  9      53.41       8.00       0.00       0.00      38.59
  8 10       0.00       0.00       0.00       0.00     100.00
  9  1       1.76       0.90       0.00       0.00      97.34
  9  2      48.29      37.64       0.00       0.00      14.07
  9  3       4.25       4.17       0.00       0.00      91.58
  9  4       0.70       1.31       0.00       0.00      97.99
  9  5       0.00       0.00       0.00       0.00     100.00
  9  7      40.36      56.72       0.00       0.00       2.92
  9  8      38.62      40.62       0.00       0.00      20.75
  9  9      49.30       9.89       0.00       0.00      40.81
  9 10       0.00       0.00       0.00       0.00     100.00
 10  1       1.76       0.90       0.00       0.00      97.34
 10  2      48.29      37.64       0.00       0.00      14.07
 10  3       4.25       4.17       0.00       0.00      91.58
 10  4       0.70       1.31       0.00       0.00      97.99
 10  5       0.00       0.00       0.00       0.00     100.00
 10  7      40.36      56.72       0.00       0.00       2.92
 10  8      38.62      40.62       0.00       0.00      20.75
 10  9      49.30       9.89       0.00       0.00      40.81
 10 10       0.00       0.00       0.00       0.00     100.00
 11  1       1.47       1.81       0.00       0.00      96.72
 11  2      64.94      19.60       0.00       0.00      15.46
 11  3       0.65       0.94       0.00       0.00      98.41
 11  4       0.25       0.01       0.00       0.00      99.74
 11  5       0.00       0.00       0.00       0.00     100.00
 11  7      54.17      44.83       0.00       0.00       1.00
 11  8      42.90      38.28       0.00       0.00      18.82
 11  9      56.76       7.76       0.00       0.00      35.48
 11 10      48.36      12.26       0.00       0.00      39.38
 12  1       1.89       1.12       0.00       0.00      96.99
 12  2      66.89      26.29       0.00       0.00       6.82
 12  3       2.90       0.78       0.00       0.00      96.32
 12  4       0.78       0.89       0.00       0.00      98.33
 12  5       0.00       0.00       0.00       0.00     100.00
 12  7      50.98      48.02       0.00       0.00       1.00
 12  8      37.00      41.08       0.00       0.00      21.92
 12  9      55.16       9.83       0.00       0.00      35.01
 12 10      35.83       9.08       0.00       0.00      55.09
 13  1       2.82      12.72       0.00       0.00      84.45
 13  2      11.27      87.73       0.00       0.00       1.00
 13  3       1.24       2.70       0.00       0.00      96.06
 13  4       0.00       0.00       0.00       0.00     100.00
 13  7      33.11      65.89       0.00       0.00       1.00
 13  8      32.99      43.96       0.00       0.00      23.05
 13  9      41.24      11.83       0.00       0.00      46.93
 13 10       0.00       0.00       0.00       0.00     100.00
 14  1       2.15       2.28       0.00       0.00      95.57
 14  2      57.52      41.48       0.00       0.00       1.00
 14  3       3.23       3.95       0.00       0.00      92.83
 14  4       0.00       0.01       0.00       0.00      99.99
 14  5       0.00       0.00       0.00       0.00     100.00
 14  7      37.54      61.46       0.00       0.00       1.00
 14  8      35.66      41.73       0.00       0.00      22.61
 14  9      56.52       7.76       0.00       0.00      35.72
 14 10       0.00       0.00       0.00       0.00     100.00
 15  1       6.31       7.85       0.00       0.00      85.84
 15  2      56.21      31.80       0.00       0.00      11.99
 15  3       0.78       0.64       0.00       0.00      98.58
 15  4       0.91       1.29       0.00       0.00      97.80
 15  5       0.00       0.00       0.00       0.00     100.00
 15  7      49.53      49.47       0.00       0.00       1.00
 15  8      48.27      34.77       0.00       0.00      16.95
 15  9      55.39       8.86       0.00       0.00      35.75
 15 10      14.09       3.07       0.00       0.00      82.84
 16  1      67.26       7.79       0.00       0.00      24.95
 16  2      61.24      27.08       0.00       0.00      11.68
 16  3       0.93       0.20       0.00       0.00      98.88
 16  4       1.64       0.00       0.00       0.00      98.36
 16  5       0.00       0.00       0.00       0.00     100.00
 16  7      35.70      62.80       0.00       0.00       1.50
 16  8      33.94      44.02       0.00       0.00      22.04
 16  9      48.75       7.89       0.00       0.00      43.36
 16 10       0.00       0.00       0.00       0.00     100.00
 17  1      15.24       8.34       0.00       0.00      76.42
 17  2      64.10      23.73       0.00       0.00      12.17
 17  3       6.84       5.50       0.00       0.00      87.66
 17  4       0.39       0.32       0.00       0.00      99.29
 17  5       0.00       0.00       0.00       0.00     100.00
 17  7      38.97      60.03       0.00       0.00       1.00
 17  8      34.46      42.81       0.00       0.00      22.73
 17  9      46.15      14.91       0.00       0.00      38.94
 17 10       0.00       0.00       0.00       0.00     100.00
 18  1      50.79      15.86       0.00       0.00      33.35
 18  2      78.75       6.81       0.00       0.00      14.44
 18  3       1.50       2.24       0.00       0.00      96.26
 18  4       0.03       0.00       0.00       0.00      99.97
 18  5       0.00       0.00       0.00       0.00     100.00
 18  7      42.09      55.59       0.00       0.00       2.32
 18  8      45.38      36.81       0.00       0.00      17.81
 18  9      53.76       7.89       0.00       0.00      38.35
 18 10      30.80       7.81       0.00       0.00      61.39
 19  1       1.46       0.92       0.00       0.00      97.62
 19  2      51.38      47.62       0.00       0.00       1.00
 19  3       2.71       0.44       0.00       0.00      96.85
 19  4       2.39       2.72       0.00       0.00      94.89
 19  5       0.00       0.00       0.00       0.00     100.00
 19  7      47.43      51.57       0.00       0.00       1.00
 19  8      42.42      38.29       0.00       0.00      19.28
 19  9      55.96       8.62       0.00       0.00      35.42
 19 10      12.07       3.06       0.00       0.00      84.86
 20  1       2.45       4.03       0.00       0.00      93.52
 20  2      66.15      20.86       0.00       0.00      12.99
 20  3       7.39       2.06       0.00       0.00      90.55
 20  4       0.45       0.00       0.00       0.00      99.55
 20  5       0.00       0.00       0.00       0.00     100.00
 20  7      43.02      55.98       0.00       0.00       1.00
 20  8      37.51      41.28       0.00       0.00      21.21
 20  9      44.36       7.97       0.00       0.00      47.67
 20 10      46.41      11.76       0.00       0.00      41.83
 21  1       3.43       0.21       0.00       0.00      96.36
 21  2      64.50      22.45       0.00       0.00      13.05
 21  3       1.82       0.65       0.00       0.00      97.53
 21  4       2.70       1.12       0.00       0.00      96.18
 21  5       0.00       0.00       0.00       0.00     100.00
 21  7      48.46      50.54       0.00       0.00       1.00
 21  8      37.98      41.19       0.00       0.00      20.83
 21  9      56.51      10.70       0.00       0.00      32.79
 21 10      47.95      12.15       0.00       0.00      39.90
 22  1       1.39       1.03       0.00       0.00      97.58
 22  2      58.01      29.82       0.00       0.00      12.17
 22  3       1.77       1.73       0.00       0.00      96.50
 22  4       0.80       0.63       0.00       0.00      98.57
 22  5       0.00       0.00       0.00       0.00     100.00
 22  7      37.55      61.17       0.00       0.00       1.28
 22  8      36.81      41.87       0.00       0.00      21.32
 22  9      47.51       7.95       0.00       0.00      44.54
 22 10      38.92       9.86       0.00       0.00      51.22
 23  1      24.96      20.72       0.00       0.00      54.32
 23  2      39.09      51.38       0.00       0.00       9.53
 23  3       2.92       4.63       0.00       0.00      92.44
 23  4       0.62       0.68       0.00       0.00      98.69
 23  5       0.00       0.00       0.00       0.00     100.00
 23  7      33.50      33.20       0.00       0.00      33.30
 23  8      48.19      35.91       0.00       0.00      15.90
 23  9      44.36       7.97       0.00       0.00      47.67
 23 10       0.00       0.00       0.00       0.00     100.00
 24  1       5.93       5.65       0.00       0.00      88.42
 24  2      54.71      35.29       0.00       0.00      10.00
 24  3       1.27       1.69       0.00       0.00      97.03
 24  4       0.61       0.01       0.00       0.00      99.38
 24  5       0.00       0.00       0.00       0.00     100.00
 24  7      42.73      54.13       0.00       0.00       3.15
 24  8      37.30      41.76       0.00       0.00      20.94
 24  9      71.00       7.38       0.00       0.00      21.62
 24 10       0.09       0.02       0.00       0.00      99.89
 25  1       3.05       0.27       0.00       0.00      96.68
 25  2      63.81      22.60       0.00       0.00      13.59
 25  3       1.36       0.73       0.00       0.00      97.91
 25  4       4.40       1.38       0.00       0.00      94.22
 25  5       0.00       0.00       0.00       0.00     100.00
 25  7      42.80      47.20       0.00       0.00      10.00
 25  8      36.23      41.55       0.00       0.00      22.22
 25  9      43.99       9.04       0.00       0.00      46.97
 25 10       0.00       0.00       0.00       0.00     100.00
 27  1       3.02       2.70       0.00       0.00      94.28
 27  2      44.50      21.06       0.00       0.00      34.44
 27  3       3.19       0.93       0.00       0.00      95.88
 27  4       0.83       0.90       0.00       0.00      98.28
 27  5       0.00       0.00       0.00       0.00     100.00
 27  7      35.70      61.44       0.00       0.00       2.86
 27  8      35.75      42.95       0.00       0.00      21.30
 27  9      42.69      23.28       0.00       0.00      34.03
 27 10       0.00       0.00       0.00       0.00     100.00
 36  1       3.66       1.83       0.00       0.00      94.51
 36  2      35.21      12.63       0.00       0.00      52.16
 36  3       2.19       0.86       0.00       0.00      96.95
 36  4       3.98       2.06       0.00       0.00      93.97
 36  5       0.00       0.00       0.00       0.00     100.00
 36  7      43.75      43.60       0.00       0.00      12.65
 36  8      60.35      27.55       0.00       0.00      12.10
 36  9      46.33      22.57       0.00       0.00      31.10
 36 10      50.34      12.76       0.00       0.00      36.90
 37  1       3.66       1.83       0.00       0.00      94.51
 37  2      35.21      12.63       0.00       0.00      52.16
 37  3       2.19       0.86       0.00       0.00      96.95
 37  4       3.98       2.06       0.00       0.00      93.97
 37  5       0.00       0.00       0.00       0.00     100.00
 37  7      43.75      43.60       0.00       0.00      12.65
 37  8      60.35      27.55       0.00       0.00      12.10
 37  9      46.33      22.57       0.00       0.00      31.10
 37 10      50.34      12.76       0.00       0.00      36.90
 38  1       3.66       1.83       0.00       0.00      94.51
 38  2      35.21      12.63       0.00       0.00      52.16
 38  3       2.19       0.86       0.00       0.00      96.95
 38  4       3.98       2.06       0.00       0.00      93.97
 38  5       0.00       0.00       0.00       0.00     100.00
 38  7      43.75      43.60       0.00       0.00      12.65
 38  8      60.35      27.55       0.00       0.00      12.10
 38  9      46.33      22.57       0.00       0.00      31.10
 38 10      50.34      12.76       0.00       0.00      36.90
 39  1       9.94       3.65       0.00       0.00      86.41
 39  2      60.19      19.84       0.00       0.00      19.97
 39  3       1.84       1.37       0.00       0.00      96.79
 39  4       0.65       0.02       0.00       0.00      99.33
 39  5       0.00       0.00       0.00       0.00     100.00
 39  7      47.06      42.75       0.00       0.00      10.19
 39  8      37.71      40.85       0.00       0.00      21.44
 39  9      39.90      15.05       0.00       0.00      45.05
 39 10      72.79      18.45       0.00       0.00       8.76
 40  1       1.20       1.13       0.00       0.00      97.67
 40  2      49.18      21.51       0.00       0.00      29.31
 40  3       4.31       0.89       0.00       0.00      94.80
 40  4       4.74       2.51       0.00       0.00      92.75
 40  5       0.00       0.00       0.00       0.00     100.00
 40  7      47.47      39.95       0.00       0.00      12.58
 40  8      49.69      33.68       0.00       0.00      16.63
 40  9      52.53      13.72       0.00       0.00      33.75
 40 10      51.61      11.26       0.00       0.00      37.13
 41  1      38.89       5.53       0.00       0.00      55.58
 41  2      45.44      16.35       0.00       0.00      38.21
 41  3       3.35       0.86       0.00       0.00      95.79
 41  4       3.31       0.00       0.00       0.00      96.69
 41  5       0.00       0.00       0.00       0.00     100.00
 41  7      56.89      35.63       0.00       0.00       7.48
 41  8      42.54      37.91       0.00       0.00      19.55
 41  9      60.48       7.69       0.00       0.00      31.83
 41 10      48.09      12.19       0.00       0.00      39.72
 42  1       3.66       1.83       0.00       0.00      94.51
 42  2      35.21      12.63       0.00       0.00      52.16
 42  3       2.19       0.86       0.00       0.00      96.95
 42  4       3.98       2.06       0.00       0.00      93.97
 42  5       0.00       0.00       0.00       0.00     100.00
 42  7      43.75      43.60       0.00       0.00      12.65
 42  8      60.35      27.55       0.00       0.00      12.10
 42  9      46.33      22.57       0.00       0.00      31.10
 42 10      50.34      12.76       0.00       0.00      36.90
 43  1       3.30       0.14       0.00       0.00      96.56
 43  2      69.29      17.01       0.00       0.00      13.70
 43  3       1.12       1.00       0.00       0.00      97.88
 43  4       0.15       0.16       0.00       0.00      99.69
 43  5       0.00       0.00       0.00       0.00     100.00
 43  7      44.36      54.53       0.00       0.00       1.11
 43  8      34.76      43.01       0.00       0.00      22.23
 43  9      54.90       7.79       0.00       0.00      37.31
 43 10      47.91      12.14       0.00       0.00      39.95
 44  1      12.93       7.52       0.00       0.00      79.56
 44  2      63.34      22.55       0.00       0.00      14.11
 44  3       3.45       3.85       0.00       0.00      92.70
 44  4       0.00       0.00       0.00       0.00     100.00
 44  5       0.00       0.00       0.00       0.00     100.00
 44  7      47.80      50.92       0.00       0.00       1.28
 44  8      35.05      43.45       0.00       0.00      21.50
 44  9      54.94       7.79       0.00       0.00      37.27
 44 10      47.66      12.08       0.00       0.00      40.26
 45  1       7.06       7.74       0.00       0.00      85.20
 45  2      49.79      27.99       0.00       0.00      22.22
 45  3       1.96       2.73       0.00       0.00      95.31
 45  4       0.00       0.01       0.00       0.00      99.99
 45  5       0.00       0.00       0.00       0.00     100.00
 45  7      48.99      50.01       0.00       0.00       1.00
 45  8      34.88      43.39       0.00       0.00      21.73
 45  9      54.83       8.25       0.00       0.00      36.92
 45 10      48.15      12.20       0.00       0.00      39.65
 46  1       0.91       1.08       0.00       0.00      98.01
 46  2      62.26      21.42       0.00       0.00      16.32
 46  3       3.23       1.96       0.00       0.00      94.81
 46  4       2.55       3.95       0.00       0.00      93.50
 46  5       0.00       0.00       0.00       0.00     100.00
 46  7      43.39      55.44       0.00       0.00       1.17
 46  8      34.90      43.33       0.00       0.00      21.77
 46  9      56.02       7.77       0.00       0.00      36.20
 46 10       0.00       0.00       0.00       0.00     100.00
 47  1       2.85       0.31       0.00       0.00      96.84
 47  2      46.06      11.47       0.00       0.00      42.47
 47  3       1.01       1.18       0.00       0.00      97.81
 47  4       1.74       2.69       0.00       0.00      95.57
 47  5       0.00       0.00       0.00       0.00     100.00
 47  7      50.82      48.18       0.00       0.00       1.00
 47  8      37.98      40.90       0.00       0.00      21.12
 47  9      57.18       7.83       0.00       0.00      34.99
 47 10      31.81       8.06       0.00       0.00      60.13
 48  1       1.50       0.44       0.00       0.00      98.06
 48  2      55.29      33.05       0.00       0.00      11.66
 48  3       1.09       1.05       0.00       0.00      97.86
 48  4       0.07       0.00       0.00       0.00      99.92
 48  5       0.00       0.00       0.00       0.00     100.00
 48  7      40.11      58.89       0.00       0.00       1.00
 48  8      37.43      41.40       0.00       0.00      21.17
 48  9      58.50       7.73       0.00       0.00      33.77
 48 10      42.70      10.82       0.00       0.00      46.48
 49  1       1.59       2.38       0.00       0.00      96.03
 49  2      64.34      22.69       0.00       0.00      12.97
 49  3       0.85       0.51       0.00       0.00      98.64
 49  4       0.44       0.65       0.00       0.00      98.91
 49  5       0.00       0.00       0.00       0.00     100.00
 49  7      36.96      54.36       0.00       0.00       8.68
 49  8      33.88      43.42       0.00       0.00      22.70
 49  9      57.89       7.74       0.00       0.00      34.37
 49 10      47.38      12.01       0.00       0.00      40.62
 50  1       2.68       0.11       0.00       0.00      97.22
 50  2      41.70      14.26       0.00       0.00      44.04
 50  3       1.50       0.48       0.00       0.00      98.02
 50  4       0.39       0.05       0.00       0.00      99.56
 50  5       0.00       0.00       0.00       0.00     100.00
 50  7      32.40      66.60       0.00       0.00       1.00
 50  8      32.05      45.49       0.00       0.00      22.46
 50  9      58.94       7.72       0.00       0.00      33.34
 50 10      41.70      10.57       0.00       0.00      47.73
 51  1       3.83       0.12       0.00       0.00      96.06
 51  2      64.69      18.52       0.00       0.00      16.79
 51  3       1.75       0.77       0.00       0.00      97.48
 51  4       6.97       3.51       0.00       0.00      89.52
 51  5       0.00       0.00       0.00       0.00     100.00
 51  7      46.96      42.87       0.00       0.00      10.17
 51  8      36.45      43.29       0.00       0.00      20.26
 51  9      58.41      11.03       0.00       0.00      30.56
 51 10      48.78      12.36       0.00       0.00      38.86
 52  1       3.83       0.12       0.00       0.00      96.06
 52  2      64.72      18.73       0.00       0.00      16.55
 52  3       1.14       0.31       0.00       0.00      98.55
 52  4       2.60       0.01       0.00       0.00      97.39
 52  5       0.00       0.00       0.00       0.00     100.00
 52  7      39.76      47.62       0.00       0.00      12.62
 52  8      35.80      41.42       0.00       0.00      22.78
 52  9      56.80       7.76       0.00       0.00      35.44
 52 10      47.66      12.08       0.00       0.00      40.26
 53  1       0.47       0.43       0.00       0.00      99.09
 53  2      72.61      13.23       0.00       0.00      14.16
 53  3       1.75       0.96       0.00       0.00      97.29
 53  4       7.11       3.53       0.00       0.00      89.36
 53  5       0.00       0.00       0.00       0.00     100.00
 53  7      67.05      15.79       0.00       0.00      17.16
 53  8      30.72      46.21       0.00       0.00      23.06
 53  9      44.36       7.97       0.00       0.00      47.67
 53 10      63.10      10.55       0.00       0.00      26.35
 54  1       7.66       7.32       0.00       0.00      85.02
 54  2      74.15      12.06       0.00       0.00      13.79
 54  3       1.82       0.48       0.00       0.00      97.69
 54  4       0.00       0.00       0.00       0.00     100.00
 54  5       0.00       0.00       0.00       0.00     100.00
 54  7      48.30      39.16       0.00       0.00      12.54
 54  8      33.24      43.80       0.00       0.00      22.96
 54  9      44.36       7.97       0.00       0.00      47.67
 54 10      61.31      10.26       0.00       0.00      28.43
 55  1       4.42       8.24       0.00       0.00      87.34
 55  2      62.58      23.87       0.00       0.00      13.55
 55  3       1.02       0.46       0.00       0.00      98.52
 55  4       0.00       0.00       0.00       0.00     100.00
 55  7      46.59      52.41       0.00       0.00       1.00
 55  8      28.44      48.47       0.00       0.00      23.09
 55  9      44.36       7.97       0.00       0.00      47.67
 55 10       0.00       0.00       0.00       0.00     100.00
 56  1      92.40       6.60       0.00       0.00       1.00
 56  2      73.30      13.10       0.00       0.00      13.60
 56  3       1.33       1.13       0.00       0.00      97.55
 56  4       0.00       0.00       0.00       0.00     100.00
 56  7      67.05      15.79       0.00       0.00      17.16
 56  8      75.49      18.12       0.00       0.00       6.39
 56  9      44.36       7.97       0.00       0.00      47.67
 56 10      61.66      10.31       0.00       0.00      28.03
 57  1       5.01       9.58       0.00       0.00      85.41
 57  2       9.36      66.06       0.00       0.00      24.58
 57  4       0.00       0.00       0.00       0.00     100.00
 57  7      50.71      47.03       0.00       0.00       2.26
 57  8      40.06      39.56       0.00       0.00      20.38
 57  9      44.36       7.97       0.00       0.00      47.67
 57 10       0.00       0.00       0.00       0.00     100.00
 58  1       3.66       1.83       0.00       0.00      94.51
 58  2      35.21      12.63       0.00       0.00      52.16
 58  3       2.19       0.86       0.00       0.00      96.95
 58  4       3.98       2.06       0.00       0.00      93.97
 58  5       0.00       0.00       0.00       0.00     100.00
 58  7      43.75      43.60       0.00       0.00      12.65
 58  8      60.35      27.55       0.00       0.00      12.10
 58  9      46.33      22.57       0.00       0.00      31.10
 58 10      50.34      12.76       0.00       0.00      36.90
 60  1       1.76       0.90       0.00       0.00      97.34
 60  2      48.29      37.64       0.00       0.00      14.07
 60  3       4.25       4.17       0.00       0.00      91.58
 60  4       0.70       1.31       0.00       0.00      97.99
 60  5       0.00       0.00       0.00       0.00     100.00
 60  7      40.36      56.72       0.00       0.00       2.92
 60  8      38.62      40.62       0.00       0.00      20.75
 60  9      49.30       9.89       0.00       0.00      40.81
 60 10       0.00       0.00       0.00       0.00     100.00
 61  1       3.66       1.83       0.00       0.00      94.51
 61  2      35.21      12.63       0.00       0.00      52.16
 61  3       2.19       0.86       0.00       0.00      96.95
 61  4       3.98       2.06       0.00       0.00      93.97
 61  5       0.00       0.00       0.00       0.00     100.00
 61  7      43.75      43.60       0.00       0.00      12.65
 61  8      60.35      27.55       0.00       0.00      12.10
 61  9      46.33      22.57       0.00       0.00      31.10
 61 10      50.34      12.76       0.00       0.00      36.90
 63  1       3.66       1.83       0.00       0.00      94.51
 63  2      35.21      12.63       0.00       0.00      52.16
 63  3       2.19       0.86       0.00       0.00      96.95
 63  4       3.98       2.06       0.00       0.00      93.97
 63  5       0.00       0.00       0.00       0.00     100.00
 63  7      43.75      43.60       0.00       0.00      12.65
 63  8      60.35      27.55       0.00       0.00      12.10
 63  9      46.33      22.57       0.00       0.00      31.10
 63 10      50.34      12.76       0.00       0.00      36.90
 68  1       1.14       0.20       0.00       0.00      98.66
 68  2      69.76      15.89       0.00       0.00      14.35
 68  3       1.20       0.31       0.00       0.00      98.49
 68  4       0.00       0.00       0.00       0.00     100.00
 68  5       0.00       0.00       0.00       0.00     100.00
 68  7      67.05      15.79       0.00       0.00      17.16
 68  8      75.49      18.12       0.00       0.00       6.39
 68  9      44.36       7.97       0.00       0.00      47.67
 68 10      62.53      10.46       0.00       0.00      27.02
 69  1       7.42       8.17       0.00       0.00      84.41
 69  2      67.40      22.62       0.00       0.00       9.98
 69  3       1.11       0.27       0.00       0.00      98.62
 69  4       0.00       0.09       0.00       0.00      99.91
 69  7      43.64      44.36       0.00       0.00      12.00
 69  8      39.41      39.99       0.00       0.00      20.60
 69  9      44.36       7.97       0.00       0.00      47.67
 69 10      78.98      20.02       0.00       0.00       1.00
 71  1       3.66       1.83       0.00       0.00      94.51
 71  2      35.21      12.63       0.00       0.00      52.16
 71  3       2.19       0.86       0.00       0.00      96.95
 71  4       3.98       2.06       0.00       0.00      93.97
 71  5       0.00       0.00       0.00       0.00     100.00
 71  7      43.75      43.60       0.00       0.00      12.65
 71  8      60.35      27.55       0.00       0.00      12.10
 71  9      46.33      22.57       0.00       0.00      31.10
 71 10      50.34      12.76       0.00       0.00      36.90
 72  1       3.83       0.12       0.00       0.00      96.06
 72  2      64.69      18.52       0.00       0.00      16.79
 72  3       1.75       0.77       0.00       0.00      97.48
 72  4       6.97       3.51       0.00       0.00      89.52
 72  5       0.00       0.00       0.00       0.00     100.00
 72  7      46.96      42.87       0.00       0.00      10.17
 72  8      36.45      43.29       0.00       0.00      20.26
 72  9      58.41      11.03       0.00       0.00      30.56
 72 10      48.78      12.36       0.00       0.00      38.86
 73  1       3.83       0.12       0.00       0.00      96.06
 73  2      64.69      18.52       0.00       0.00      16.79
 73  3       1.75       0.77       0.00       0.00      97.48
 73  4       6.97       3.51       0.00       0.00      89.52
 73  5       0.00       0.00       0.00       0.00     100.00
 73  7      46.96      42.87       0.00       0.00      10.17
 73  8      36.45      43.29       0.00       0.00      20.26
 73  9      58.41      11.03       0.00       0.00      30.56
 73 10      48.78      12.36       0.00       0.00      38.86
 74  1       3.66       1.83       0.00       0.00      94.51
 74  2      35.21      12.63       0.00       0.00      52.16
 74  3       2.19       0.86       0.00       0.00      96.95
 74  4       3.98       2.06       0.00       0.00      93.97
 74  5       0.00       0.00       0.00       0.00     100.00
 74  7      43.75      43.60       0.00       0.00      12.65
 74  8      60.35      27.55       0.00       0.00      12.10
 74  9      46.33      22.57       0.00       0.00      31.10
 74 10      50.34      12.76       0.00       0.00      36.90
 75  1       0.47       0.43       0.00       0.00      99.09
 75  2      72.61      13.23       0.00       0.00      14.16
 75  3       1.75       0.96       0.00       0.00      97.29
 75  4       7.11       3.53       0.00       0.00      89.36
 75  5       0.00       0.00       0.00       0.00     100.00
 75  7      67.05      15.79       0.00       0.00      17.16
 75  8      30.72      46.21       0.00       0.00      23.06
 75  9      44.36       7.97       0.00       0.00      47.67
 75 10      63.10      10.55       0.00       0.00      26.35
 76  1       3.66       1.83       0.00       0.00      94.51
 76  2      35.21      12.63       0.00       0.00      52.16
 76  3       2.19       0.86       0.00       0.00      96.95
 76  4       3.98       2.06       0.00       0.00      93.97
 76  5       0.00       0.00       0.00       0.00     100.00
 76  7      43.75      43.60       0.00       0.00      12.65
 76  8      60.35      27.55       0.00       0.00      12.10
 76  9      46.33      22.57       0.00       0.00      31.10
 76 10      50.34      12.76       0.00       0.00      36.90
 77  1       3.66       1.83       0.00       0.00      94.51
 77  2      35.21      12.63       0.00       0.00      52.16
 77  3       2.19       0.86       0.00       0.00      96.95
 77  4       3.98       2.06       0.00       0.00      93.97
 77  5       0.00       0.00       0.00       0.00     100.00
 77  7      43.75      43.60       0.00       0.00      12.65
 77  8      60.35      27.55       0.00       0.00      12.10
 77  9      46.33      22.57       0.00       0.00      31.10
 77 10      50.34      12.76       0.00       0.00      36.90
 78  1       3.66       1.83       0.00       0.00      94.51
 78  2      35.21      12.63       0.00       0.00      52.16
 78  3       2.19       0.86       0.00       0.00      96.95
 78  4       3.98       2.06       0.00       0.00      93.97
 78  5       0.00       0.00       0.00       0.00     100.00
 78  7      43.75      43.60       0.00       0.00      12.65
 78  8      60.35      27.55       0.00       0.00      12.10
 78  9      46.33      22.57       0.00       0.00      31.10
 78 10      50.34      12.76       0.00       0.00      36.90
 79  1       3.66       1.83       0.00       0.00      94.51
 79  2      35.21      12.63       0.00       0.00      52.16
 79  3       2.19       0.86       0.00       0.00      96.95
 79  4       3.98       2.06       0.00       0.00      93.97
 79  5       0.00       0.00       0.00       0.00     100.00
 79  7      43.75      43.60       0.00       0.00      12.65
 79  8      60.35      27.55       0.00       0.00      12.10
 79  9      46.33      22.57       0.00       0.00      31.10
 79 10      50.34      12.76       0.00       0.00      36.90
 80  1       3.66       1.83       0.00       0.00      94.51
 80  2      35.21      12.63       0.00       0.00      52.16
 80  3       2.19       0.86       0.00       0.00      96.95
 80  4       3.98       2.06       0.00       0.00      93.97
 80  5       0.00       0.00       0.00       0.00     100.00
 80  7      43.75      43.60       0.00       0.00      12.65
 80  8      60.35      27.55       0.00       0.00      12.10
 80  9      46.33      22.57       0.00       0.00      31.10
 80 10      50.34      12.76       0.00       0.00      36.90
 81  1       3.66       1.83       0.00       0.00      94.51
 81  2      35.21      12.63       0.00       0.00      52.16
 81  3       2.19       0.86       0.00       0.00      96.95
 81  4       3.98       2.06       0.00       0.00      93.97
 81  5       0.00       0.00       0.00       0.00     100.00
 81  7      43.75      43.60       0.00       0.00      12.65
 81  8      60.35      27.55       0.00       0.00      12.10
 81  9      46.33      22.57       0.00       0.00      31.10
 81 10      50.34      12.76       0.00       0.00      36.90
 82  1       3.66       1.83       0.00       0.00      94.51
 82  2      35.21      12.63       0.00       0.00      52.16
 82  3       2.19       0.86       0.00       0.00      96.95
 82  4       3.98       2.06       0.00       0.00      93.97
 82  5       0.00       0.00       0.00       0.00     100.00
 82  7      43.75      43.60       0.00       0.00      12.65
 82  8      60.35      27.55       0.00       0.00      12.10
 82  9      46.33      22.57       0.00       0.00      31.10
 82 10      50.34      12.76       0.00       0.00      36.90
 83  1       3.66       1.83       0.00       0.00      94.51
 83  2      35.21      12.63       0.00       0.00      52.16
 83  3       2.19       0.86       0.00       0.00      96.95
 83  4       3.98       2.06       0.00       0.00      93.97
 83  5       0.00       0.00       0.00       0.00     100.00
 83  7      43.75      43.60       0.00       0.00      12.65
 83  8      60.35      27.55       0.00       0.00      12.10
 83  9      46.33      22.57       0.00       0.00      31.10
 83 10      50.34      12.76       0.00       0.00      36.90
 84  1       3.66       1.83       0.00       0.00      94.51
 84  2      35.21      12.63       0.00       0.00      52.16
 84  3       2.19       0.86       0.00       0.00      96.95
 84  4       3.98       2.06       0.00       0.00      93.97
 84  5       0.00       0.00       0.00       0.00     100.00
 84  7      43.75      43.60       0.00       0.00      12.65
 84  8      60.35      27.55       0.00       0.00      12.10
 84  9      46.33      22.57       0.00       0.00      31.10
 84 10      50.34      12.76       0.00       0.00      36.90
 85  1       3.66       1.83       0.00       0.00      94.51
 85  2      35.21      12.63       0.00       0.00      52.16
 85  3       2.19       0.86       0.00       0.00      96.95
 85  4       3.98       2.06       0.00       0.00      93.97
 85  5       0.00       0.00       0.00       0.00     100.00
 85  7      43.75      43.60       0.00       0.00      12.65
 85  8      60.35      27.55       0.00       0.00      12.10
 85  9      46.33      22.57       0.00       0.00      31.10
 85 10      50.34      12.76       0.00       0.00      36.90
 86  8      46.95      43.32       0.00       0.00       9.73
 30  8      46.95      43.31       0.00       0.00       9.74
302  8      46.95      43.31       0.00       0.00       9.74
303  8      46.95      43.31       0.00       0.00       9.74
304  8      46.95      43.31       0.00       0.00       9.74
305  8      46.95      43.31       0.00       0.00       9.74
306  8      46.95      43.31       0.00       0.00       9.74
307  8      46.95      43.31       0.00       0.00       9.74
308  8      46.95      43.31       0.00       0.00       9.74
309  8      46.95      43.31       0.00       0.00       9.74
 31  8      46.95      43.31       0.00       0.00       9.74
312  8      46.95      43.32       0.00       0.00       9.73
313  8      46.95      43.32       0.00       0.00       9.73
314  8      46.95      43.32       0.00       0.00       9.73
315  8      46.95      43.32       0.00       0.00       9.73
316  8      46.95      43.32       0.00       0.00       9.73
317  8      46.95      43.32       0.00       0.00       9.73
318  8      46.95      43.32       0.00       0.00       9.73
319  8      46.95      43.32       0.00       0.00       9.73
 32  8      46.95      43.32       0.00       0.00       9.73
322  8      46.95      43.32       0.00       0.00       9.73
323  8      46.95      43.32       0.00       0.00       9.73
324  8      46.95      43.32       0.00       0.00       9.73
325  8      46.95      43.32       0.00       0.00       9.73
326  8      46.95      43.32       0.00       0.00       9.73
327  8      46.95      43.32       0.00       0.00       9.73
328  8      46.95      43.32       0.00       0.00       9.73
329  8      46.95      43.32       0.00       0.00       9.73
 33  8      46.95      43.32       0.00       0.00       9.73
332  8      46.95      43.32       0.00       0.00       9.73
333  8      46.95      43.32       0.00       0.00       9.73
334  8      46.95      43.32       0.00       0.00       9.73
335  8      46.95      43.32       0.00       0.00       9.73
