# PPM25 splits for EmChemXX
# Data derived from IIASA 2010 estimates, scaling OC with 1.25, cap at PM2.5, DS: mkp.EmisSplitNov2011 script
# Key-word, MASS_ASSUMED= 0 by default,
# change when emissions have artificial mass, e.g. 46 for NOx as NO2
: MASS_ASSUMED 0 
99 99   POM_F_FFUEL EC_F_FFUEL_NEW EC_F_FFUEL_AGE  POM_F_WOOD  EC_F_WOOD_NEW EC_F_WOOD_AGE  REMPPM25  #HEADERS  
#DATA
  1  1       4.26       2.78       0.69       0.00       0.00       0.00      92.27
  1  2      65.29      17.17       4.29       0.00       0.00       0.00      13.25
  1  3       1.35       0.88       0.22       0.00       0.00       0.00      97.55
  1  4       0.84       0.03       0.01       0.00       0.00       0.00      99.12
  1  5       0.00       0.00       0.00       0.00       0.00       0.00     100.00
  1  7      31.52      53.98      13.50       0.00       0.00       0.00       1.00
  1  8      35.83      33.34       8.33       0.00       0.00       0.00      22.50
  1  9      60.60       6.15       1.54       0.00       0.00       0.00      31.71
  1 10      47.14       9.56       2.39       0.00       0.00       0.00      40.91
  2  1       7.64       6.00       1.50       0.00       0.00       0.00      84.86
  2  2      43.10      37.02       9.25       0.00       0.00       0.00      10.63
  2  3       2.49       1.38       0.34       0.00       0.00       0.00      95.79
  2  4       0.51       0.70       0.18       0.00       0.00       0.00      98.61
  2  5       0.00       0.00       0.00       0.00       0.00       0.00     100.00
  2  7      36.18      49.36      12.34       0.00       0.00       0.00       2.12
  2  8      34.20      34.65       8.66       0.00       0.00       0.00      22.49
  2  9      55.64       6.77       1.69       0.00       0.00       0.00      35.90
  2 10       9.10       1.85       0.46       0.00       0.00       0.00      88.59
  3  1      26.38       3.47       0.87       0.00       0.00       0.00      69.28
  3  2      58.63      32.29       8.07       0.00       0.00       0.00       1.00
  3  3       5.56       3.46       0.86       0.00       0.00       0.00      90.12
  3  4       1.52       2.29       0.57       0.00       0.00       0.00      95.61
  3  5       0.00       0.00       0.00       0.00       0.00       0.00     100.00
  3  7      34.11      51.47      12.87       0.00       0.00       0.00       1.55
  3  8      41.94      31.22       7.80       0.00       0.00       0.00      19.04
  3  9      42.65      13.18       3.29       0.00       0.00       0.00      40.88
  3 10      22.77       4.62       1.15       0.00       0.00       0.00      71.45
  4  1       2.88       0.16       0.04       0.00       0.00       0.00      96.92
  4  2      64.70      19.43       4.86       0.00       0.00       0.00      11.01
  4  3       2.50       0.77       0.19       0.00       0.00       0.00      96.54
  4  4       2.11       0.70       0.18       0.00       0.00       0.00      97.01
  4  5       0.00       0.00       0.00       0.00       0.00       0.00     100.00
  4  7      47.91      40.87      10.22       0.00       0.00       0.00       1.00
  4  8      35.99      33.34       8.33       0.00       0.00       0.00      22.34
  4  9      55.82       6.49       1.62       0.00       0.00       0.00      36.07
  4 10      43.70       8.86       2.22       0.00       0.00       0.00      45.22
  6  1       2.79       1.97       0.49       0.00       0.00       0.00      94.75
  6  2      70.25      11.99       3.00       0.00       0.00       0.00      14.76
  6  3       1.64       1.04       0.26       0.00       0.00       0.00      97.06
  6  4       0.12       0.02       0.00       0.00       0.00       0.00      99.86
  6  5       0.00       0.00       0.00       0.00       0.00       0.00     100.00
  6  7      41.31      45.70      11.42       0.00       0.00       0.00       1.57
  6  8      40.99      31.57       7.89       0.00       0.00       0.00      19.55
  6  9      34.29      29.14       7.29       0.00       0.00       0.00      29.28
  6 10       6.16       1.25       0.31       0.00       0.00       0.00      92.28
  7  1       0.54       0.86       0.21       0.00       0.00       0.00      98.39
  7  2      48.27      30.05       7.51       0.00       0.00       0.00      14.16
  7  3       6.45       3.62       0.90       0.00       0.00       0.00      89.03
  7  4       0.10       0.18       0.04       0.00       0.00       0.00      99.68
  7  5       0.00       0.00       0.00       0.00       0.00       0.00     100.00
  7  7      41.88      45.69      11.42       0.00       0.00       0.00       1.00
  7  8      45.14      30.16       7.54       0.00       0.00       0.00      17.16
  7  9      56.26       6.21       1.55       0.00       0.00       0.00      35.98
  7 10       0.00       0.00       0.00       0.00       0.00       0.00     100.00
  8  1       2.19       2.66       0.66       0.00       0.00       0.00      94.49
  8  2      65.75      17.97       4.49       0.00       0.00       0.00      11.79
  8  3       1.47       0.90       0.22       0.00       0.00       0.00      97.41
  8  4       0.36       0.21       0.05       0.00       0.00       0.00      99.38
  8  5       0.00       0.00       0.00       0.00       0.00       0.00     100.00
  8  7      37.81      48.95      12.24       0.00       0.00       0.00       1.00
  8  8      37.36      33.02       8.26       0.00       0.00       0.00      21.36
  8  9      53.41       6.40       1.60       0.00       0.00       0.00      38.59
  8 10       0.00       0.00       0.00       0.00       0.00       0.00     100.00
  9  1       1.76       0.72       0.18       0.00       0.00       0.00      97.34
  9  2      48.29      30.11       7.53       0.00       0.00       0.00      14.07
  9  3       4.25       3.34       0.83       0.00       0.00       0.00      91.58
  9  4       0.70       1.05       0.26       0.00       0.00       0.00      97.99
  9  5       0.00       0.00       0.00       0.00       0.00       0.00     100.00
  9  7      40.36      45.38      11.34       0.00       0.00       0.00       2.92
  9  8      38.62      32.50       8.12       0.00       0.00       0.00      20.75
  9  9      49.30       7.91       1.98       0.00       0.00       0.00      40.81
  9 10       0.00       0.00       0.00       0.00       0.00       0.00     100.00
 10  1       1.76       0.72       0.18       0.00       0.00       0.00      97.34
 10  2      48.29      30.11       7.53       0.00       0.00       0.00      14.07
 10  3       4.25       3.34       0.83       0.00       0.00       0.00      91.58
 10  4       0.70       1.05       0.26       0.00       0.00       0.00      97.99
 10  5       0.00       0.00       0.00       0.00       0.00       0.00     100.00
 10  7      40.36      45.38      11.34       0.00       0.00       0.00       2.92
 10  8      38.62      32.50       8.12       0.00       0.00       0.00      20.75
 10  9      49.30       7.91       1.98       0.00       0.00       0.00      40.81
 10 10       0.00       0.00       0.00       0.00       0.00       0.00     100.00
 11  1       1.47       1.45       0.36       0.00       0.00       0.00      96.72
 11  2      64.94      15.68       3.92       0.00       0.00       0.00      15.46
 11  3       0.65       0.75       0.19       0.00       0.00       0.00      98.41
 11  4       0.25       0.01       0.00       0.00       0.00       0.00      99.74
 11  5       0.00       0.00       0.00       0.00       0.00       0.00     100.00
 11  7      54.17      35.87       8.97       0.00       0.00       0.00       1.00
 11  8      42.90      30.62       7.66       0.00       0.00       0.00      18.82
 11  9      56.76       6.21       1.55       0.00       0.00       0.00      35.48
 11 10      48.36       9.81       2.45       0.00       0.00       0.00      39.38
 12  1       1.89       0.90       0.22       0.00       0.00       0.00      96.99
 12  2      66.89      21.03       5.26       0.00       0.00       0.00       6.82
 12  3       2.90       0.62       0.16       0.00       0.00       0.00      96.32
 12  4       0.78       0.71       0.18       0.00       0.00       0.00      98.33
 12  5       0.00       0.00       0.00       0.00       0.00       0.00     100.00
 12  7      50.98      38.42       9.60       0.00       0.00       0.00       1.00
 12  8      37.00      32.86       8.22       0.00       0.00       0.00      21.92
 12  9      55.16       7.86       1.97       0.00       0.00       0.00      35.01
 12 10      35.83       7.26       1.82       0.00       0.00       0.00      55.09
 13  1       2.82      10.18       2.54       0.00       0.00       0.00      84.45
 13  2      11.27      70.18      17.55       0.00       0.00       0.00       1.00
 13  3       1.24       2.16       0.54       0.00       0.00       0.00      96.06
 13  4       0.00       0.00       0.00       0.00       0.00       0.00     100.00
 13  7      33.11      52.71      13.18       0.00       0.00       0.00       1.00
 13  8      32.99      35.17       8.79       0.00       0.00       0.00      23.05
 13  9      41.24       9.46       2.37       0.00       0.00       0.00      46.93
 13 10       0.00       0.00       0.00       0.00       0.00       0.00     100.00
 14  1       2.15       1.82       0.46       0.00       0.00       0.00      95.57
 14  2      57.52      33.19       8.30       0.00       0.00       0.00       1.00
 14  3       3.23       3.16       0.79       0.00       0.00       0.00      92.83
 14  4       0.00       0.01       0.00       0.00       0.00       0.00      99.99
 14  5       0.00       0.00       0.00       0.00       0.00       0.00     100.00
 14  7      37.54      49.17      12.29       0.00       0.00       0.00       1.00
 14  8      35.66      33.38       8.35       0.00       0.00       0.00      22.61
 14  9      56.52       6.21       1.55       0.00       0.00       0.00      35.72
 14 10       0.00       0.00       0.00       0.00       0.00       0.00     100.00
 15  1       6.31       6.28       1.57       0.00       0.00       0.00      85.84
 15  2      56.21      25.44       6.36       0.00       0.00       0.00      11.99
 15  3       0.78       0.51       0.13       0.00       0.00       0.00      98.58
 15  4       0.91       1.03       0.26       0.00       0.00       0.00      97.80
 15  5       0.00       0.00       0.00       0.00       0.00       0.00     100.00
 15  7      49.53      39.58       9.89       0.00       0.00       0.00       1.00
 15  8      48.27      27.82       6.95       0.00       0.00       0.00      16.95
 15  9      55.39       7.09       1.77       0.00       0.00       0.00      35.75
 15 10      14.09       2.46       0.61       0.00       0.00       0.00      82.84
 16  1      67.26       6.23       1.56       0.00       0.00       0.00      24.95
 16  2      61.24      21.66       5.42       0.00       0.00       0.00      11.68
 16  3       0.93       0.16       0.04       0.00       0.00       0.00      98.88
 16  4       1.64       0.00       0.00       0.00       0.00       0.00      98.36
 16  5       0.00       0.00       0.00       0.00       0.00       0.00     100.00
 16  7      35.70      50.24      12.56       0.00       0.00       0.00       1.50
 16  8      33.94      35.22       8.80       0.00       0.00       0.00      22.04
 16  9      48.75       6.31       1.58       0.00       0.00       0.00      43.36
 16 10       0.00       0.00       0.00       0.00       0.00       0.00     100.00
 17  1      15.24       6.67       1.67       0.00       0.00       0.00      76.42
 17  2      64.10      18.98       4.75       0.00       0.00       0.00      12.17
 17  3       6.84       4.40       1.10       0.00       0.00       0.00      87.66
 17  4       0.39       0.26       0.06       0.00       0.00       0.00      99.29
 17  5       0.00       0.00       0.00       0.00       0.00       0.00     100.00
 17  7      38.97      48.03      12.01       0.00       0.00       0.00       1.00
 17  8      34.46      34.25       8.56       0.00       0.00       0.00      22.73
 17  9      46.15      11.93       2.98       0.00       0.00       0.00      38.94
 17 10       0.00       0.00       0.00       0.00       0.00       0.00     100.00
 18  1      50.79      12.69       3.17       0.00       0.00       0.00      33.35
 18  2      78.75       5.45       1.36       0.00       0.00       0.00      14.44
 18  3       1.50       1.79       0.45       0.00       0.00       0.00      96.26
 18  4       0.03       0.00       0.00       0.00       0.00       0.00      99.97
 18  5       0.00       0.00       0.00       0.00       0.00       0.00     100.00
 18  7      42.09      44.47      11.12       0.00       0.00       0.00       2.32
 18  8      45.38      29.45       7.36       0.00       0.00       0.00      17.81
 18  9      53.76       6.31       1.58       0.00       0.00       0.00      38.35
 18 10      30.80       6.25       1.56       0.00       0.00       0.00      61.39
 19  1       1.46       0.74       0.18       0.00       0.00       0.00      97.62
 19  2      51.38      38.09       9.52       0.00       0.00       0.00       1.00
 19  3       2.71       0.35       0.09       0.00       0.00       0.00      96.85
 19  4       2.39       2.18       0.54       0.00       0.00       0.00      94.89
 19  5       0.00       0.00       0.00       0.00       0.00       0.00     100.00
 19  7      47.43      41.26      10.31       0.00       0.00       0.00       1.00
 19  8      42.42      30.63       7.66       0.00       0.00       0.00      19.28
 19  9      55.96       6.90       1.72       0.00       0.00       0.00      35.42
 19 10      12.07       2.45       0.61       0.00       0.00       0.00      84.86
 20  1       2.45       3.22       0.81       0.00       0.00       0.00      93.52
 20  2      66.15      16.69       4.17       0.00       0.00       0.00      12.99
 20  3       7.39       1.65       0.41       0.00       0.00       0.00      90.55
 20  4       0.45       0.00       0.00       0.00       0.00       0.00      99.55
 20  5       0.00       0.00       0.00       0.00       0.00       0.00     100.00
 20  7      43.02      44.78      11.20       0.00       0.00       0.00       1.00
 20  8      37.51      33.02       8.26       0.00       0.00       0.00      21.21
 20  9      44.36       6.38       1.59       0.00       0.00       0.00      47.67
 20 10      46.41       9.41       2.35       0.00       0.00       0.00      41.83
 21  1       3.43       0.17       0.04       0.00       0.00       0.00      96.36
 21  2      64.50      17.96       4.49       0.00       0.00       0.00      13.05
 21  3       1.82       0.52       0.13       0.00       0.00       0.00      97.53
 21  4       2.70       0.90       0.22       0.00       0.00       0.00      96.18
 21  5       0.00       0.00       0.00       0.00       0.00       0.00     100.00
 21  7      48.46      40.44      10.11       0.00       0.00       0.00       1.00
 21  8      37.98      32.95       8.24       0.00       0.00       0.00      20.83
 21  9      56.51       8.56       2.14       0.00       0.00       0.00      32.79
 21 10      47.95       9.72       2.43       0.00       0.00       0.00      39.90
 22  1       1.39       0.82       0.21       0.00       0.00       0.00      97.58
 22  2      58.01      23.86       5.96       0.00       0.00       0.00      12.17
 22  3       1.77       1.38       0.35       0.00       0.00       0.00      96.50
 22  4       0.80       0.50       0.13       0.00       0.00       0.00      98.57
 22  5       0.00       0.00       0.00       0.00       0.00       0.00     100.00
 22  7      37.55      48.94      12.23       0.00       0.00       0.00       1.28
 22  8      36.81      33.50       8.37       0.00       0.00       0.00      21.32
 22  9      47.51       6.36       1.59       0.00       0.00       0.00      44.54
 22 10      38.92       7.89       1.97       0.00       0.00       0.00      51.22
 23  1      24.96      16.58       4.14       0.00       0.00       0.00      54.32
 23  2      39.09      41.10      10.28       0.00       0.00       0.00       9.53
 23  3       2.92       3.70       0.93       0.00       0.00       0.00      92.44
 23  4       0.62       0.54       0.14       0.00       0.00       0.00      98.69
 23  5       0.00       0.00       0.00       0.00       0.00       0.00     100.00
 23  7      33.50      26.56       6.64       0.00       0.00       0.00      33.30
 23  8      48.19      28.73       7.18       0.00       0.00       0.00      15.90
 23  9      44.36       6.38       1.59       0.00       0.00       0.00      47.67
 23 10       0.00       0.00       0.00       0.00       0.00       0.00     100.00
 24  1       5.93       4.52       1.13       0.00       0.00       0.00      88.42
 24  2      54.71      28.23       7.06       0.00       0.00       0.00      10.00
 24  3       1.27       1.35       0.34       0.00       0.00       0.00      97.03
 24  4       0.61       0.01       0.00       0.00       0.00       0.00      99.38
 24  5       0.00       0.00       0.00       0.00       0.00       0.00     100.00
 24  7      42.73      43.30      10.83       0.00       0.00       0.00       3.15
 24  8      37.30      33.41       8.35       0.00       0.00       0.00      20.94
 24  9      71.00       5.90       1.48       0.00       0.00       0.00      21.62
 24 10       0.09       0.02       0.00       0.00       0.00       0.00      99.89
 25  1       3.05       0.22       0.05       0.00       0.00       0.00      96.68
 25  2      63.81      18.08       4.52       0.00       0.00       0.00      13.59
 25  3       1.36       0.58       0.15       0.00       0.00       0.00      97.91
 25  4       4.40       1.10       0.28       0.00       0.00       0.00      94.22
 25  5       0.00       0.00       0.00       0.00       0.00       0.00     100.00
 25  7      42.80      37.76       9.44       0.00       0.00       0.00      10.00
 25  8      36.23      33.24       8.31       0.00       0.00       0.00      22.22
 25  9      43.99       7.23       1.81       0.00       0.00       0.00      46.97
 25 10       0.00       0.00       0.00       0.00       0.00       0.00     100.00
 27  1       3.02       2.16       0.54       0.00       0.00       0.00      94.28
 27  2      44.50      16.85       4.21       0.00       0.00       0.00      34.44
 27  3       3.19       0.74       0.19       0.00       0.00       0.00      95.88
 27  4       0.83       0.72       0.18       0.00       0.00       0.00      98.28
 27  5       0.00       0.00       0.00       0.00       0.00       0.00     100.00
 27  7      35.70      49.15      12.29       0.00       0.00       0.00       2.86
 27  8      35.75      34.36       8.59       0.00       0.00       0.00      21.30
 27  9      42.69      18.62       4.66       0.00       0.00       0.00      34.03
 27 10       0.00       0.00       0.00       0.00       0.00       0.00     100.00
 36  1       3.66       1.46       0.37       0.00       0.00       0.00      94.51
 36  2      35.21      10.10       2.53       0.00       0.00       0.00      52.16
 36  3       2.19       0.69       0.17       0.00       0.00       0.00      96.95
 36  4       3.98       1.65       0.41       0.00       0.00       0.00      93.97
 36  5       0.00       0.00       0.00       0.00       0.00       0.00     100.00
 36  7      43.75      34.88       8.72       0.00       0.00       0.00      12.65
 36  8      60.35      22.04       5.51       0.00       0.00       0.00      12.10
 36  9      46.33      18.06       4.51       0.00       0.00       0.00      31.10
 36 10      50.34      10.21       2.55       0.00       0.00       0.00      36.90
 37  1       3.66       1.46       0.37       0.00       0.00       0.00      94.51
 37  2      35.21      10.10       2.53       0.00       0.00       0.00      52.16
 37  3       2.19       0.69       0.17       0.00       0.00       0.00      96.95
 37  4       3.98       1.65       0.41       0.00       0.00       0.00      93.97
 37  5       0.00       0.00       0.00       0.00       0.00       0.00     100.00
 37  7      43.75      34.88       8.72       0.00       0.00       0.00      12.65
 37  8      60.35      22.04       5.51       0.00       0.00       0.00      12.10
 37  9      46.33      18.06       4.51       0.00       0.00       0.00      31.10
 37 10      50.34      10.21       2.55       0.00       0.00       0.00      36.90
 38  1       3.66       1.46       0.37       0.00       0.00       0.00      94.51
 38  2      35.21      10.10       2.53       0.00       0.00       0.00      52.16
 38  3       2.19       0.69       0.17       0.00       0.00       0.00      96.95
 38  4       3.98       1.65       0.41       0.00       0.00       0.00      93.97
 38  5       0.00       0.00       0.00       0.00       0.00       0.00     100.00
 38  7      43.75      34.88       8.72       0.00       0.00       0.00      12.65
 38  8      60.35      22.04       5.51       0.00       0.00       0.00      12.10
 38  9      46.33      18.06       4.51       0.00       0.00       0.00      31.10
 38 10      50.34      10.21       2.55       0.00       0.00       0.00      36.90
 39  1       9.94       2.92       0.73       0.00       0.00       0.00      86.41
 39  2      60.19      15.87       3.97       0.00       0.00       0.00      19.97
 39  3       1.84       1.10       0.27       0.00       0.00       0.00      96.79
 39  4       0.65       0.02       0.00       0.00       0.00       0.00      99.33
 39  5       0.00       0.00       0.00       0.00       0.00       0.00     100.00
 39  7      47.06      34.20       8.55       0.00       0.00       0.00      10.19
 39  8      37.71      32.68       8.17       0.00       0.00       0.00      21.44
 39  9      39.90      12.04       3.01       0.00       0.00       0.00      45.05
 39 10      72.79      14.76       3.69       0.00       0.00       0.00       8.76
 40  1       1.20       0.90       0.23       0.00       0.00       0.00      97.67
 40  2      49.18      17.21       4.30       0.00       0.00       0.00      29.31
 40  3       4.31       0.71       0.18       0.00       0.00       0.00      94.80
 40  4       4.74       2.01       0.50       0.00       0.00       0.00      92.75
 40  5       0.00       0.00       0.00       0.00       0.00       0.00     100.00
 40  7      47.47      31.96       7.99       0.00       0.00       0.00      12.58
 40  8      49.69      26.94       6.74       0.00       0.00       0.00      16.63
 40  9      52.53      10.98       2.74       0.00       0.00       0.00      33.75
 40 10      51.61       9.01       2.25       0.00       0.00       0.00      37.13
 41  1      38.89       4.42       1.11       0.00       0.00       0.00      55.58
 41  2      45.44      13.08       3.27       0.00       0.00       0.00      38.21
 41  3       3.35       0.69       0.17       0.00       0.00       0.00      95.79
 41  4       3.31       0.00       0.00       0.00       0.00       0.00      96.69
 41  5       0.00       0.00       0.00       0.00       0.00       0.00     100.00
 41  7      56.89      28.50       7.13       0.00       0.00       0.00       7.48
 41  8      42.54      30.33       7.58       0.00       0.00       0.00      19.55
 41  9      60.48       6.15       1.54       0.00       0.00       0.00      31.83
 41 10      48.09       9.75       2.44       0.00       0.00       0.00      39.72
 42  1       3.66       1.46       0.37       0.00       0.00       0.00      94.51
 42  2      35.21      10.10       2.53       0.00       0.00       0.00      52.16
 42  3       2.19       0.69       0.17       0.00       0.00       0.00      96.95
 42  4       3.98       1.65       0.41       0.00       0.00       0.00      93.97
 42  5       0.00       0.00       0.00       0.00       0.00       0.00     100.00
 42  7      43.75      34.88       8.72       0.00       0.00       0.00      12.65
 42  8      60.35      22.04       5.51       0.00       0.00       0.00      12.10
 42  9      46.33      18.06       4.51       0.00       0.00       0.00      31.10
 42 10      50.34      10.21       2.55       0.00       0.00       0.00      36.90
 43  1       3.30       0.11       0.03       0.00       0.00       0.00      96.56
 43  2      69.29      13.61       3.40       0.00       0.00       0.00      13.70
 43  3       1.12       0.80       0.20       0.00       0.00       0.00      97.88
 43  4       0.15       0.13       0.03       0.00       0.00       0.00      99.69
 43  5       0.00       0.00       0.00       0.00       0.00       0.00     100.00
 43  7      44.36      43.62      10.91       0.00       0.00       0.00       1.11
 43  8      34.76      34.41       8.60       0.00       0.00       0.00      22.23
 43  9      54.90       6.23       1.56       0.00       0.00       0.00      37.31
 43 10      47.91       9.71       2.43       0.00       0.00       0.00      39.95
 44  1      12.93       6.02       1.50       0.00       0.00       0.00      79.56
 44  2      63.34      18.04       4.51       0.00       0.00       0.00      14.11
 44  3       3.45       3.08       0.77       0.00       0.00       0.00      92.70
 44  4       0.00       0.00       0.00       0.00       0.00       0.00     100.00
 44  5       0.00       0.00       0.00       0.00       0.00       0.00     100.00
 44  7      47.80      40.74      10.18       0.00       0.00       0.00       1.28
 44  8      35.05      34.76       8.69       0.00       0.00       0.00      21.50
 44  9      54.94       6.23       1.56       0.00       0.00       0.00      37.27
 44 10      47.66       9.66       2.42       0.00       0.00       0.00      40.26
 45  1       7.06       6.19       1.55       0.00       0.00       0.00      85.20
 45  2      49.79      22.39       5.60       0.00       0.00       0.00      22.22
 45  3       1.96       2.18       0.55       0.00       0.00       0.00      95.31
 45  4       0.00       0.01       0.00       0.00       0.00       0.00      99.99
 45  5       0.00       0.00       0.00       0.00       0.00       0.00     100.00
 45  7      48.99      40.00      10.00       0.00       0.00       0.00       1.00
 45  8      34.88      34.71       8.68       0.00       0.00       0.00      21.73
 45  9      54.83       6.60       1.65       0.00       0.00       0.00      36.92
 45 10      48.15       9.76       2.44       0.00       0.00       0.00      39.65
 46  1       0.91       0.86       0.22       0.00       0.00       0.00      98.01
 46  2      62.26      17.14       4.28       0.00       0.00       0.00      16.32
 46  3       3.23       1.57       0.39       0.00       0.00       0.00      94.81
 46  4       2.55       3.16       0.79       0.00       0.00       0.00      93.50
 46  5       0.00       0.00       0.00       0.00       0.00       0.00     100.00
 46  7      43.39      44.35      11.09       0.00       0.00       0.00       1.17
 46  8      34.90      34.66       8.67       0.00       0.00       0.00      21.77
 46  9      56.02       6.22       1.55       0.00       0.00       0.00      36.20
 46 10       0.00       0.00       0.00       0.00       0.00       0.00     100.00
 47  1       2.85       0.25       0.06       0.00       0.00       0.00      96.84
 47  2      46.06       9.18       2.29       0.00       0.00       0.00      42.47
 47  3       1.01       0.94       0.24       0.00       0.00       0.00      97.81
 47  4       1.74       2.15       0.54       0.00       0.00       0.00      95.57
 47  5       0.00       0.00       0.00       0.00       0.00       0.00     100.00
 47  7      50.82      38.54       9.64       0.00       0.00       0.00       1.00
 47  8      37.98      32.72       8.18       0.00       0.00       0.00      21.12
 47  9      57.18       6.26       1.57       0.00       0.00       0.00      34.99
 47 10      31.81       6.45       1.61       0.00       0.00       0.00      60.13
 48  1       1.50       0.35       0.09       0.00       0.00       0.00      98.06
 48  2      55.29      26.44       6.61       0.00       0.00       0.00      11.66
 48  3       1.09       0.84       0.21       0.00       0.00       0.00      97.86
 48  4       0.07       0.00       0.00       0.00       0.00       0.00      99.92
 48  5       0.00       0.00       0.00       0.00       0.00       0.00     100.00
 48  7      40.11      47.11      11.78       0.00       0.00       0.00       1.00
 48  8      37.43      33.12       8.28       0.00       0.00       0.00      21.17
 48  9      58.50       6.18       1.55       0.00       0.00       0.00      33.77
 48 10      42.70       8.66       2.16       0.00       0.00       0.00      46.48
 49  1       1.59       1.90       0.48       0.00       0.00       0.00      96.03
 49  2      64.34      18.15       4.54       0.00       0.00       0.00      12.97
 49  3       0.85       0.41       0.10       0.00       0.00       0.00      98.64
 49  4       0.44       0.52       0.13       0.00       0.00       0.00      98.91
 49  5       0.00       0.00       0.00       0.00       0.00       0.00     100.00
 49  7      36.96      43.49      10.87       0.00       0.00       0.00       8.68
 49  8      33.88      34.74       8.68       0.00       0.00       0.00      22.70
 49  9      57.89       6.19       1.55       0.00       0.00       0.00      34.37
 49 10      47.38       9.61       2.40       0.00       0.00       0.00      40.62
 50  1       2.68       0.09       0.02       0.00       0.00       0.00      97.22
 50  2      41.70      11.41       2.85       0.00       0.00       0.00      44.04
 50  3       1.50       0.38       0.10       0.00       0.00       0.00      98.02
 50  4       0.39       0.04       0.01       0.00       0.00       0.00      99.56
 50  5       0.00       0.00       0.00       0.00       0.00       0.00     100.00
 50  7      32.40      53.28      13.32       0.00       0.00       0.00       1.00
 50  8      32.05      36.39       9.10       0.00       0.00       0.00      22.46
 50  9      58.94       6.18       1.54       0.00       0.00       0.00      33.34
 50 10      41.70       8.46       2.11       0.00       0.00       0.00      47.73
 51  1       3.83       0.10       0.02       0.00       0.00       0.00      96.06
 51  2      64.69      14.82       3.70       0.00       0.00       0.00      16.79
 51  3       1.75       0.62       0.15       0.00       0.00       0.00      97.48
 51  4       6.97       2.81       0.70       0.00       0.00       0.00      89.52
 51  5       0.00       0.00       0.00       0.00       0.00       0.00     100.00
 51  7      46.96      34.30       8.57       0.00       0.00       0.00      10.17
 51  8      36.45      34.63       8.66       0.00       0.00       0.00      20.26
 51  9      58.41       8.82       2.21       0.00       0.00       0.00      30.56
 51 10      48.78       9.89       2.47       0.00       0.00       0.00      38.86
 52  1       3.83       0.10       0.02       0.00       0.00       0.00      96.06
 52  2      64.72      14.98       3.75       0.00       0.00       0.00      16.55
 52  3       1.14       0.25       0.06       0.00       0.00       0.00      98.55
 52  4       2.60       0.01       0.00       0.00       0.00       0.00      97.39
 52  5       0.00       0.00       0.00       0.00       0.00       0.00     100.00
 52  7      39.76      38.10       9.52       0.00       0.00       0.00      12.62
 52  8      35.80      33.14       8.28       0.00       0.00       0.00      22.78
 52  9      56.80       6.21       1.55       0.00       0.00       0.00      35.44
 52 10      47.66       9.66       2.42       0.00       0.00       0.00      40.26
 53  1       0.47       0.34       0.09       0.00       0.00       0.00      99.09
 53  2      72.61      10.58       2.65       0.00       0.00       0.00      14.16
 53  3       1.75       0.77       0.19       0.00       0.00       0.00      97.29
 53  4       7.11       2.82       0.71       0.00       0.00       0.00      89.36
 53  5       0.00       0.00       0.00       0.00       0.00       0.00     100.00
 53  7      67.05      12.63       3.16       0.00       0.00       0.00      17.16
 53  8      30.72      36.97       9.24       0.00       0.00       0.00      23.06
 53  9      44.36       6.38       1.59       0.00       0.00       0.00      47.67
 53 10      63.10       8.44       2.11       0.00       0.00       0.00      26.35
 54  1       7.66       5.86       1.46       0.00       0.00       0.00      85.02
 54  2      74.15       9.65       2.41       0.00       0.00       0.00      13.79
 54  3       1.82       0.38       0.10       0.00       0.00       0.00      97.69
 54  4       0.00       0.00       0.00       0.00       0.00       0.00     100.00
 54  5       0.00       0.00       0.00       0.00       0.00       0.00     100.00
 54  7      48.30      31.33       7.83       0.00       0.00       0.00      12.54
 54  8      33.24      35.04       8.76       0.00       0.00       0.00      22.96
 54  9      44.36       6.38       1.59       0.00       0.00       0.00      47.67
 54 10      61.31       8.21       2.05       0.00       0.00       0.00      28.43
 55  1       4.42       6.59       1.65       0.00       0.00       0.00      87.34
 55  2      62.58      19.10       4.77       0.00       0.00       0.00      13.55
 55  3       1.02       0.37       0.09       0.00       0.00       0.00      98.52
 55  4       0.00       0.00       0.00       0.00       0.00       0.00     100.00
 55  7      46.59      41.93      10.48       0.00       0.00       0.00       1.00
 55  8      28.44      38.78       9.69       0.00       0.00       0.00      23.09
 55  9      44.36       6.38       1.59       0.00       0.00       0.00      47.67
 55 10       0.00       0.00       0.00       0.00       0.00       0.00     100.00
 56  1      92.40       5.28       1.32       0.00       0.00       0.00       1.00
 56  2      73.30      10.48       2.62       0.00       0.00       0.00      13.60
 56  3       1.33       0.90       0.23       0.00       0.00       0.00      97.55
 56  4       0.00       0.00       0.00       0.00       0.00       0.00     100.00
 56  7      67.05      12.63       3.16       0.00       0.00       0.00      17.16
 56  8      75.49      14.50       3.62       0.00       0.00       0.00       6.39
 56  9      44.36       6.38       1.59       0.00       0.00       0.00      47.67
 56 10      61.66       8.25       2.06       0.00       0.00       0.00      28.03
 57  1       5.01       7.66       1.92       0.00       0.00       0.00      85.41
 57  2       9.36      52.85      13.21       0.00       0.00       0.00      24.58
 57  4       0.00       0.00       0.00       0.00       0.00       0.00     100.00
 57  7      50.71      37.62       9.41       0.00       0.00       0.00       2.26
 57  8      40.06      31.65       7.91       0.00       0.00       0.00      20.38
 57  9      44.36       6.38       1.59       0.00       0.00       0.00      47.67
 57 10       0.00       0.00       0.00       0.00       0.00       0.00     100.00
 58  1       3.66       1.46       0.37       0.00       0.00       0.00      94.51
 58  2      35.21      10.10       2.53       0.00       0.00       0.00      52.16
 58  3       2.19       0.69       0.17       0.00       0.00       0.00      96.95
 58  4       3.98       1.65       0.41       0.00       0.00       0.00      93.97
 58  5       0.00       0.00       0.00       0.00       0.00       0.00     100.00
 58  7      43.75      34.88       8.72       0.00       0.00       0.00      12.65
 58  8      60.35      22.04       5.51       0.00       0.00       0.00      12.10
 58  9      46.33      18.06       4.51       0.00       0.00       0.00      31.10
 58 10      50.34      10.21       2.55       0.00       0.00       0.00      36.90
 60  1       1.76       0.72       0.18       0.00       0.00       0.00      97.34
 60  2      48.29      30.11       7.53       0.00       0.00       0.00      14.07
 60  3       4.25       3.34       0.83       0.00       0.00       0.00      91.58
 60  4       0.70       1.05       0.26       0.00       0.00       0.00      97.99
 60  5       0.00       0.00       0.00       0.00       0.00       0.00     100.00
 60  7      40.36      45.38      11.34       0.00       0.00       0.00       2.92
 60  8      38.62      32.50       8.12       0.00       0.00       0.00      20.75
 60  9      49.30       7.91       1.98       0.00       0.00       0.00      40.81
 60 10       0.00       0.00       0.00       0.00       0.00       0.00     100.00
 61  1       3.66       1.46       0.37       0.00       0.00       0.00      94.51
 61  2      35.21      10.10       2.53       0.00       0.00       0.00      52.16
 61  3       2.19       0.69       0.17       0.00       0.00       0.00      96.95
 61  4       3.98       1.65       0.41       0.00       0.00       0.00      93.97
 61  5       0.00       0.00       0.00       0.00       0.00       0.00     100.00
 61  7      43.75      34.88       8.72       0.00       0.00       0.00      12.65
 61  8      60.35      22.04       5.51       0.00       0.00       0.00      12.10
 61  9      46.33      18.06       4.51       0.00       0.00       0.00      31.10
 61 10      50.34      10.21       2.55       0.00       0.00       0.00      36.90
 63  1       3.66       1.46       0.37       0.00       0.00       0.00      94.51
 63  2      35.21      10.10       2.53       0.00       0.00       0.00      52.16
 63  3       2.19       0.69       0.17       0.00       0.00       0.00      96.95
 63  4       3.98       1.65       0.41       0.00       0.00       0.00      93.97
 63  5       0.00       0.00       0.00       0.00       0.00       0.00     100.00
 63  7      43.75      34.88       8.72       0.00       0.00       0.00      12.65
 63  8      60.35      22.04       5.51       0.00       0.00       0.00      12.10
 63  9      46.33      18.06       4.51       0.00       0.00       0.00      31.10
 63 10      50.34      10.21       2.55       0.00       0.00       0.00      36.90
 68  1       1.14       0.16       0.04       0.00       0.00       0.00      98.66
 68  2      69.76      12.71       3.18       0.00       0.00       0.00      14.35
 68  3       1.20       0.25       0.06       0.00       0.00       0.00      98.49
 68  4       0.00       0.00       0.00       0.00       0.00       0.00     100.00
 68  5       0.00       0.00       0.00       0.00       0.00       0.00     100.00
 68  7      67.05      12.63       3.16       0.00       0.00       0.00      17.16
 68  8      75.49      14.50       3.62       0.00       0.00       0.00       6.39
 68  9      44.36       6.38       1.59       0.00       0.00       0.00      47.67
 68 10      62.53       8.37       2.09       0.00       0.00       0.00      27.02
 69  1       7.42       6.54       1.63       0.00       0.00       0.00      84.41
 69  2      67.40      18.10       4.52       0.00       0.00       0.00       9.98
 69  3       1.11       0.22       0.05       0.00       0.00       0.00      98.62
 69  4       0.00       0.07       0.02       0.00       0.00       0.00      99.91
 69  7      43.64      35.49       8.87       0.00       0.00       0.00      12.00
 69  8      39.41      31.99       8.00       0.00       0.00       0.00      20.60
 69  9      44.36       6.38       1.59       0.00       0.00       0.00      47.67
 69 10      78.98      16.01       4.00       0.00       0.00       0.00       1.00
