# PMfine splits for EmChem19a-Refx, 19-GNFR-sector-system (June 2020)
# Derived from TNO CAMS-REG_AP_v2.2.1_2015_REF (label gnfrRef2_yr2015_jun2020)
# Key-word MASS_ASSUMED= 0 by default, 
# GNFR sectors: Sectors:1=A; 2=B; 3=C; 4=D; 5=E; 6=F; 7=G; 8=H; 9=I; 10=J; 11=K; 12=L; 13=M; 14=A1; 15=A2; 16=F1; 17=F2; 18=F3; 19=F4; 
# change when emissions have artificial mass; e.g. 46 for NOx as NO2
: MASS_ASSUMED 0 
99,99,  POM_f_ffuel,POM_f_wood,EC_f_ffuel_new,EC_f_ffuel_age,EC_f_wood_new,EC_f_wood_age,remPPM25,  #HEADERS
#DATA
  1,   1  ,  22.969 ,   0.000 ,   7.841 ,   1.960 ,   0.000 ,   0.000 ,  67.230
  1,   2  ,   4.996 ,   0.000 ,   0.235 ,   0.059 ,   0.000 ,   0.000 ,  94.710
  1,   3  ,   1.102 ,  86.132 ,   0.103 ,   0.026 ,   8.082 ,   2.021 ,   2.534
  1,   4  ,  13.269 ,   0.000 ,  46.500 ,  11.625 ,   0.000 ,   0.000 ,  28.606
  1,   5  ,   0.000 ,   0.000 ,   0.000 ,   0.000 ,   0.000 ,   0.000 , 100.000
  1,   6  ,  22.043 ,   0.000 ,  52.057 ,  13.014 ,   0.000 ,   0.000 ,  12.886
  1,   7  ,  31.745 ,   0.000 ,  35.026 ,   8.756 ,   0.000 ,   0.000 ,  24.472
  1,   8  ,  18.000 ,   0.000 ,   0.000 ,   0.000 ,   0.000 ,   0.000 ,  82.000
  1,   9  ,  28.000 ,   0.000 ,  38.800 ,   9.700 ,   0.000 ,   0.000 ,  23.500
  1,  10  ,  45.916 ,   0.000 ,  19.878 ,   4.969 ,   0.000 ,   0.000 ,  29.237
  1,  11  ,  69.231 ,   0.000 ,   0.000 ,   0.000 ,   0.000 ,   0.000 ,  30.769
  1,  12  ,  46.228 ,   0.000 ,  14.494 ,   3.623 ,   0.000 ,   0.000 ,  35.654
  1,  14  ,  22.969 ,   0.000 ,   7.841 ,   1.960 ,   0.000 ,   0.000 ,  67.230
  1,  15  ,  22.969 ,   0.000 ,   7.841 ,   1.960 ,   0.000 ,   0.000 ,  67.230
  1,  16  ,  53.000 ,   0.000 ,  24.000 ,   6.000 ,   0.000 ,   0.000 ,  17.000
  1,  17  ,  21.000 ,   0.000 ,  57.600 ,  14.400 ,   0.000 ,   0.000 ,   7.000
  1,  18  ,  50.678 ,   0.000 ,  22.070 ,   5.518 ,   0.000 ,   0.000 ,  21.734
  1,  19  ,  28.188 ,   0.000 ,   0.948 ,   0.237 ,   0.000 ,   0.000 ,  70.627
 56,   1  ,  22.969 ,   0.000 ,   7.841 ,   1.960 ,   0.000 ,   0.000 ,  67.230
 56,   2  ,   5.446 ,   0.000 ,   2.097 ,   0.524 ,   0.000 ,   0.000 ,  91.933
 56,   3  ,  85.377 ,   0.000 ,   8.753 ,   2.188 ,   0.000 ,   0.000 ,   3.682
 56,   4  ,  14.972 ,   0.000 ,  57.402 ,  14.350 ,   0.000 ,   0.000 ,  13.276
 56,   6  ,  28.055 ,   0.000 ,  31.531 ,   7.883 ,   0.000 ,   0.000 ,  32.532
 56,   7  ,  30.815 ,   0.000 ,  34.956 ,   8.739 ,   0.000 ,   0.000 ,  25.491
 56,   8  ,  18.000 ,   0.000 ,   0.000 ,   0.000 ,   0.000 ,   0.000 ,  82.000
 56,   9  ,  41.405 ,   0.000 ,  30.063 ,   7.516 ,   0.000 ,   0.000 ,  21.017
 56,  10  ,  47.616 ,   0.000 ,  17.440 ,   4.360 ,   0.000 ,   0.000 ,  30.584
 56,  11  ,  69.231 ,   0.000 ,   0.000 ,   0.000 ,   0.000 ,   0.000 ,  30.769
 56,  12  ,  44.711 ,   0.000 ,  13.823 ,   3.456 ,   0.000 ,   0.000 ,  38.010
 56,  14  ,  22.969 ,   0.000 ,   7.841 ,   1.960 ,   0.000 ,   0.000 ,  67.230
 56,  15  ,  22.969 ,   0.000 ,   7.841 ,   1.960 ,   0.000 ,   0.000 ,  67.230
 56,  16  ,  58.278 ,   0.000 ,  18.370 ,   4.593 ,   0.000 ,   0.000 ,  18.759
 56,  17  ,  24.714 ,   0.000 ,  53.638 ,  13.410 ,   0.000 ,   0.000 ,   8.238
 56,  18  ,  50.678 ,   0.000 ,  22.068 ,   5.517 ,   0.000 ,   0.000 ,  21.737
 56,  19  ,  27.640 ,   0.000 ,   0.949 ,   0.237 ,   0.000 ,   0.000 ,  71.174
 32,   7  ,  22.450 ,   0.000 ,   9.380 ,   2.345 ,   0.000 ,   0.000 ,  65.825
  2,   1  ,  20.492 ,   0.000 ,   7.976 ,   1.994 ,   0.000 ,   0.000 ,  69.538
  2,   2  ,   3.618 ,   0.000 ,   1.736 ,   0.434 ,   0.000 ,   0.000 ,  94.212
  2,   3  ,   0.545 ,  86.447 ,   0.048 ,   0.012 ,   7.575 ,   1.894 ,   3.479
  2,   4  ,  11.974 ,   0.000 ,  53.947 ,  13.487 ,   0.000 ,   0.000 ,  20.592
  2,   5  ,   0.000 ,   0.000 ,   0.000 ,   0.000 ,   0.000 ,   0.000 , 100.000
  2,   6  ,  25.733 ,   0.000 ,  34.098 ,   8.525 ,   0.000 ,   0.000 ,  31.644
  2,   7  ,  32.562 ,   0.000 ,  34.432 ,   8.608 ,   0.000 ,   0.000 ,  24.399
  2,   8  ,  18.000 ,   0.000 ,   0.000 ,   0.000 ,   0.000 ,   0.000 ,  82.000
  2,   9  ,  32.921 ,   0.000 ,  34.923 ,   8.731 ,   0.000 ,   0.000 ,  23.425
  2,  10  ,  47.949 ,   0.000 ,  16.981 ,   4.245 ,   0.000 ,   0.000 ,  30.825
  2,  11  ,  69.231 ,   0.000 ,   0.000 ,   0.000 ,   0.000 ,   0.000 ,  30.769
  2,  12  ,  15.700 ,   0.000 ,   1.933 ,   0.483 ,   0.000 ,   0.000 ,  81.884
  2,  14  ,  20.492 ,   0.000 ,   7.976 ,   1.994 ,   0.000 ,   0.000 ,  69.538
  2,  15  ,  20.492 ,   0.000 ,   7.976 ,   1.994 ,   0.000 ,   0.000 ,  69.538
  2,  16  ,  56.600 ,   0.000 ,  20.160 ,   5.040 ,   0.000 ,   0.000 ,  18.200
  2,  17  ,  23.801 ,   0.000 ,  54.613 ,  13.653 ,   0.000 ,   0.000 ,   7.934
  2,  18  ,  53.000 ,   0.000 ,  24.000 ,   6.000 ,   0.000 ,   0.000 ,  17.000
  2,  19  ,  28.055 ,   0.000 ,   0.946 ,   0.237 ,   0.000 ,   0.000 ,  70.763
 69,   1  ,  22.969 ,   0.000 ,   7.841 ,   1.960 ,   0.000 ,   0.000 ,  67.230
 69,   2  ,   5.446 ,   0.000 ,   2.097 ,   0.524 ,   0.000 ,   0.000 ,  91.933
 69,   3  ,  85.377 ,   0.000 ,   8.753 ,   2.188 ,   0.000 ,   0.000 ,   3.682
 69,   4  ,  14.972 ,   0.000 ,  57.402 ,  14.350 ,   0.000 ,   0.000 ,  13.276
 69,   5  ,   0.000 ,   0.000 ,   0.000 ,   0.000 ,   0.000 ,   0.000 , 100.000
 69,   6  ,  28.055 ,   0.000 ,  31.531 ,   7.883 ,   0.000 ,   0.000 ,  32.532
 69,   7  ,  30.815 ,   0.000 ,  34.956 ,   8.739 ,   0.000 ,   0.000 ,  25.490
 69,   8  ,  18.000 ,   0.000 ,   0.000 ,   0.000 ,   0.000 ,   0.000 ,  82.000
 69,   9  ,  41.406 ,   0.000 ,  30.063 ,   7.516 ,   0.000 ,   0.000 ,  21.016
 69,  10  ,  47.616 ,   0.000 ,  17.440 ,   4.360 ,   0.000 ,   0.000 ,  30.584
 69,  11  ,  69.231 ,   0.000 ,   0.000 ,   0.000 ,   0.000 ,   0.000 ,  30.769
 69,  12  ,  44.711 ,   0.000 ,  13.823 ,   3.456 ,   0.000 ,   0.000 ,  38.010
 69,  14  ,  22.969 ,   0.000 ,   7.841 ,   1.960 ,   0.000 ,   0.000 ,  67.230
 69,  15  ,  22.969 ,   0.000 ,   7.841 ,   1.960 ,   0.000 ,   0.000 ,  67.230
 69,  16  ,  58.278 ,   0.000 ,  18.370 ,   4.593 ,   0.000 ,   0.000 ,  18.759
 69,  17  ,  24.714 ,   0.000 ,  53.638 ,  13.410 ,   0.000 ,   0.000 ,   8.238
 69,  18  ,  50.678 ,   0.000 ,  22.070 ,   5.518 ,   0.000 ,   0.000 ,  21.734
 69,  19  ,  27.640 ,   0.000 ,   0.949 ,   0.237 ,   0.000 ,   0.000 ,  71.174
502,   7  ,  22.450 ,   0.000 ,   9.380 ,   2.345 ,   0.000 ,   0.000 ,  65.825
 30,   7  ,  47.478 ,   0.000 ,  18.481 ,   4.620 ,   0.000 ,   0.000 ,  29.420
  3,   1  ,  24.262 ,   0.000 ,   8.089 ,   2.022 ,   0.000 ,   0.000 ,  65.626
  3,   2  ,   3.621 ,   0.000 ,   2.674 ,   0.668 ,   0.000 ,   0.000 ,  93.037
  3,   3  ,   1.901 ,  85.866 ,   0.173 ,   0.043 ,   7.814 ,   1.954 ,   2.249
  3,   4  ,  12.230 ,   0.000 ,  54.461 ,  13.615 ,   0.000 ,   0.000 ,  19.694
  3,   5  ,   0.000 ,   0.000 ,   0.000 ,   0.000 ,   0.000 ,   0.000 , 100.000
  3,   6  ,  25.074 ,   0.000 ,  31.428 ,   7.857 ,   0.000 ,   0.000 ,  35.641
  3,   7  ,  29.694 ,   0.000 ,  34.451 ,   8.613 ,   0.000 ,   0.000 ,  27.243
  3,   8  ,  18.000 ,   0.000 ,   0.000 ,   0.000 ,   0.000 ,   0.000 ,  82.000
  3,   9  ,  42.944 ,   0.000 ,  27.063 ,   6.766 ,   0.000 ,   0.000 ,  23.228
  3,  10  ,  48.331 ,   0.000 ,  16.429 ,   4.107 ,   0.000 ,   0.000 ,  31.132
  3,  11  ,  69.231 ,   0.000 ,   0.000 ,   0.000 ,   0.000 ,   0.000 ,  30.769
  3,  12  ,  41.612 ,   0.000 ,   8.738 ,   2.185 ,   0.000 ,   0.000 ,  47.464
  3,  14  ,  24.262 ,   0.000 ,   8.089 ,   2.022 ,   0.000 ,   0.000 ,  65.626
  3,  15  ,  24.262 ,   0.000 ,   8.089 ,   2.022 ,   0.000 ,   0.000 ,  65.626
  3,  16  ,  54.184 ,   0.000 ,  22.737 ,   5.684 ,   0.000 ,   0.000 ,  17.395
  3,  17  ,  22.376 ,   0.000 ,  56.132 ,  14.033 ,   0.000 ,   0.000 ,   7.459
  3,  18  ,  53.001 ,   0.000 ,  24.000 ,   6.000 ,   0.000 ,   0.000 ,  16.999
  3,  19  ,  27.923 ,   0.000 ,   0.952 ,   0.238 ,   0.000 ,   0.000 ,  70.886
  4,   1  ,  26.364 ,   0.000 ,   7.695 ,   1.924 ,   0.000 ,   0.000 ,  64.018
  4,   2  ,   2.787 ,   0.000 ,   0.156 ,   0.039 ,   0.000 ,   0.000 ,  97.018
  4,   3  ,   8.114 ,  78.355 ,   0.896 ,   0.224 ,   8.654 ,   2.163 ,   1.594
  4,   4  ,  19.059 ,   0.000 ,  40.772 ,  10.193 ,   0.000 ,   0.000 ,  29.976
  4,   5  ,   0.000 ,   0.000 ,   0.000 ,   0.000 ,   0.000 ,   0.000 , 100.000
  4,   6  ,  27.370 ,   0.000 ,  42.732 ,  10.683 ,   0.000 ,   0.000 ,  19.215
  4,   7  ,  30.930 ,   0.000 ,  35.538 ,   8.885 ,   0.000 ,   0.000 ,  24.647
  4,   8  ,  18.000 ,   0.000 ,   0.000 ,   0.000 ,   0.000 ,   0.000 ,  82.000
  4,   9  ,  28.992 ,   0.000 ,  38.027 ,   9.507 ,   0.000 ,   0.000 ,  23.475
  4,  10  ,  47.388 ,   0.000 ,  17.747 ,   4.437 ,   0.000 ,   0.000 ,  30.428
  4,  11  ,  69.231 ,   0.000 ,   0.000 ,   0.000 ,   0.000 ,   0.000 ,  30.769
  4,  12  ,  44.616 ,   0.000 ,  13.828 ,   3.457 ,   0.000 ,   0.000 ,  38.098
  4,  14  ,  26.364 ,   0.000 ,   7.695 ,   1.924 ,   0.000 ,   0.000 ,  64.018
  4,  15  ,  26.364 ,   0.000 ,   7.695 ,   1.924 ,   0.000 ,   0.000 ,  64.018
  4,  16  ,  56.750 ,   0.000 ,  20.000 ,   5.000 ,   0.000 ,   0.000 ,  18.250
  4,  17  ,  26.126 ,   0.000 ,  52.132 ,  13.033 ,   0.000 ,   0.000 ,   8.709
  4,  18  ,  53.000 ,   0.000 ,  24.000 ,   6.000 ,   0.000 ,   0.000 ,  17.000
  4,  19  ,  27.695 ,   0.000 ,   0.957 ,   0.239 ,   0.000 ,   0.000 ,  71.109
 50,   1  ,  22.969 ,   0.000 ,   7.841 ,   1.960 ,   0.000 ,   0.000 ,  67.230
 50,   2  ,   4.782 ,   0.000 ,   0.235 ,   0.059 ,   0.000 ,   0.000 ,  94.925
 50,   3  ,   0.122 ,  88.181 ,   0.011 ,   0.003 ,   7.976 ,   1.994 ,   1.712
 50,   4  ,  21.209 ,   0.000 ,  38.000 ,   9.500 ,   0.000 ,   0.000 ,  31.291
 50,   5  ,   0.000 ,   0.000 ,   0.000 ,   0.000 ,   0.000 ,   0.000 , 100.000
 50,   6  ,  22.398 ,   0.000 ,  50.022 ,  12.505 ,   0.000 ,   0.000 ,  15.075
 50,   7  ,  30.815 ,   0.000 ,  34.956 ,   8.739 ,   0.000 ,   0.000 ,  25.491
 50,   8  ,  18.000 ,   0.000 ,   0.000 ,   0.000 ,   0.000 ,   0.000 ,  82.000
 50,   9  ,  28.000 ,   0.000 ,  38.800 ,   9.700 ,   0.000 ,   0.000 ,  23.500
 50,  10  ,  46.051 ,   0.000 ,  19.664 ,   4.916 ,   0.000 ,   0.000 ,  29.369
 50,  11  ,  69.231 ,   0.000 ,   0.000 ,   0.000 ,   0.000 ,   0.000 ,  30.769
 50,  12  ,  45.557 ,   0.000 ,  14.148 ,   3.537 ,   0.000 ,   0.000 ,  36.757
 50,  14  ,  22.969 ,   0.000 ,   7.841 ,   1.960 ,   0.000 ,   0.000 ,  67.230
 50,  15  ,  22.969 ,   0.000 ,   7.841 ,   1.960 ,   0.000 ,   0.000 ,  67.230
 50,  16  ,  53.000 ,   0.000 ,  24.000 ,   6.000 ,   0.000 ,   0.000 ,  17.000
 50,  17  ,  21.000 ,   0.000 ,  57.600 ,  14.400 ,   0.000 ,   0.000 ,   7.000
 50,  18  ,  50.678 ,   0.000 ,  22.070 ,   5.518 ,   0.000 ,   0.000 ,  21.734
 50,  19  ,  27.915 ,   0.000 ,   0.955 ,   0.239 ,   0.000 ,   0.000 ,  70.891
 39,   1  ,  23.755 ,   0.000 ,   7.768 ,   1.942 ,   0.000 ,   0.000 ,  66.534
 39,   2  ,   1.007 ,   0.000 ,   0.049 ,   0.012 ,   0.000 ,   0.000 ,  98.932
 39,   3  ,   4.186 ,  82.374 ,   0.411 ,   0.103 ,   8.081 ,   2.020 ,   2.826
 39,   4  ,  11.733 ,   0.000 ,  53.465 ,  13.366 ,   0.000 ,   0.000 ,  21.436
 39,   5  ,   0.000 ,   0.000 ,   0.000 ,   0.000 ,   0.000 ,   0.000 , 100.000
 39,   6  ,  28.600 ,   0.000 ,  35.620 ,   8.905 ,   0.000 ,   0.000 ,  26.875
 39,   7  ,  31.610 ,   0.000 ,  35.148 ,   8.787 ,   0.000 ,   0.000 ,  24.455
 39,   8  ,  18.000 ,   0.000 ,   0.000 ,   0.000 ,   0.000 ,   0.000 ,  82.000
 39,   9  ,  31.738 ,   0.000 ,  36.618 ,   9.154 ,   0.000 ,   0.000 ,  22.489
 39,  10  ,  45.525 ,   0.000 ,  20.407 ,   5.102 ,   0.000 ,   0.000 ,  28.966
 39,  11  ,  69.231 ,   0.000 ,   0.000 ,   0.000 ,   0.000 ,   0.000 ,  30.769
 39,  12  ,  45.686 ,   0.000 ,  14.271 ,   3.568 ,   0.000 ,   0.000 ,  36.476
 39,  14  ,  23.755 ,   0.000 ,   7.768 ,   1.942 ,   0.000 ,   0.000 ,  66.534
 39,  15  ,  23.755 ,   0.000 ,   7.768 ,   1.942 ,   0.000 ,   0.000 ,  66.534
 39,  16  ,  56.333 ,   0.000 ,  20.444 ,   5.111 ,   0.000 ,   0.000 ,  18.111
 39,  17  ,  27.120 ,   0.000 ,  51.072 ,  12.768 ,   0.000 ,   0.000 ,   9.040
 39,  18  ,  53.000 ,   0.000 ,  24.000 ,   6.000 ,   0.000 ,   0.000 ,  17.000
 39,  19  ,  28.061 ,   0.000 ,   0.946 ,   0.236 ,   0.000 ,   0.000 ,  70.757
 34,   7  ,  22.450 ,   0.000 ,   9.380 ,   2.345 ,   0.000 ,   0.000 ,  65.825
 80,   7  ,  22.450 ,   0.000 ,   9.380 ,   2.345 ,   0.000 ,   0.000 ,  65.825
 24,   1  ,  13.500 ,   0.000 ,   6.667 ,   1.667 ,   0.000 ,   0.000 ,  78.167
 24,   2  ,   4.415 ,   0.000 ,   0.131 ,   0.033 ,   0.000 ,   0.000 ,  95.421
 24,   3  ,   1.649 ,  69.147 ,   0.210 ,   0.052 ,   8.785 ,   2.196 ,  17.961
 24,   4  ,  10.000 ,   0.000 ,  50.000 ,  12.500 ,   0.000 ,   0.000 ,  27.500
 24,   5  ,   0.000 ,   0.000 ,   0.000 ,   0.000 ,   0.000 ,   0.000 , 100.000
 24,   6  ,  25.852 ,   0.000 ,  34.595 ,   8.649 ,   0.000 ,   0.000 ,  30.904
 24,   7  ,  32.637 ,   0.000 ,  34.384 ,   8.596 ,   0.000 ,   0.000 ,  24.383
 24,   8  ,  18.000 ,   0.000 ,   0.000 ,   0.000 ,   0.000 ,   0.000 ,  82.000
 24,   9  ,  31.890 ,   0.000 ,  35.945 ,   8.986 ,   0.000 ,   0.000 ,  23.179
 24,  10  ,  46.693 ,   0.000 ,  18.684 ,   4.671 ,   0.000 ,   0.000 ,  29.953
 24,  11  ,  69.231 ,   0.000 ,   0.000 ,   0.000 ,   0.000 ,   0.000 ,  30.769
 24,  12  ,  50.710 ,   0.000 ,  15.508 ,   3.877 ,   0.000 ,   0.000 ,  29.905
 24,  14  ,  13.500 ,   0.000 ,   6.667 ,   1.667 ,   0.000 ,   0.000 ,  78.167
 24,  15  ,  13.500 ,   0.000 ,   6.667 ,   1.667 ,   0.000 ,   0.000 ,  78.167
 24,  16  ,  57.643 ,   0.000 ,  19.048 ,   4.762 ,   0.000 ,   0.000 ,  18.548
 24,  17  ,  22.919 ,   0.000 ,  55.553 ,  13.888 ,   0.000 ,   0.000 ,   7.640
 24,  18  ,  50.678 ,   0.000 ,  22.070 ,   5.518 ,   0.000 ,   0.000 ,  21.734
 24,  19  ,  28.031 ,   0.000 ,   0.950 ,   0.238 ,   0.000 ,   0.000 ,  70.781
 55,   1  ,  20.000 ,   0.000 ,   8.000 ,   2.000 ,   0.000 ,   0.000 ,  70.000
 55,   2  ,   3.434 ,   0.000 ,   0.113 ,   0.028 ,   0.000 ,   0.000 ,  96.425
 55,   3  ,   3.466 ,  70.885 ,   0.419 ,   0.105 ,   8.558 ,   2.140 ,  14.428
 55,   4  ,  14.972 ,   0.000 ,  57.402 ,  14.350 ,   0.000 ,   0.000 ,  13.276
 55,   5  ,   0.000 ,   0.000 ,   0.000 ,   0.000 ,   0.000 ,   0.000 , 100.000
 55,   6  ,  25.462 ,   0.000 ,  40.565 ,  10.141 ,   0.000 ,   0.000 ,  23.831
 55,   7  ,  30.815 ,   0.000 ,  34.956 ,   8.739 ,   0.000 ,   0.000 ,  25.491
 55,   8  ,  18.000 ,   0.000 ,   0.000 ,   0.000 ,   0.000 ,   0.000 ,  82.000
 55,   9  ,  25.000 ,   0.000 ,  41.200 ,  10.300 ,   0.000 ,   0.000 ,  23.500
 55,  10  ,  49.821 ,   0.000 ,  14.489 ,   3.622 ,   0.000 ,   0.000 ,  32.068
 55,  11  ,  69.231 ,   0.000 ,   0.000 ,   0.000 ,   0.000 ,   0.000 ,  30.769
 55,  12  ,  50.000 ,   0.000 ,  16.000 ,   4.000 ,   0.000 ,   0.000 ,  30.000
 55,  14  ,  20.000 ,   0.000 ,   8.000 ,   2.000 ,   0.000 ,   0.000 ,  70.000
 55,  15  ,  20.000 ,   0.000 ,   8.000 ,   2.000 ,   0.000 ,   0.000 ,  70.000
 55,  16  ,  54.071 ,   0.000 ,  22.857 ,   5.714 ,   0.000 ,   0.000 ,  17.357
 55,  17  ,  22.955 ,   0.000 ,  55.515 ,  13.879 ,   0.000 ,   0.000 ,   7.652
 55,  18  ,  50.678 ,   0.000 ,  22.070 ,   5.518 ,   0.000 ,   0.000 ,  21.734
 55,  19  ,  27.845 ,   0.000 ,   0.960 ,   0.240 ,   0.000 ,   0.000 ,  70.954
 46,   1  ,  20.951 ,   0.000 ,   7.954 ,   1.989 ,   0.000 ,   0.000 ,  69.106
 46,   2  ,   5.284 ,   0.000 ,   4.503 ,   1.126 ,   0.000 ,   0.000 ,  89.087
 46,   3  ,   5.267 ,  82.481 ,   0.486 ,   0.122 ,   7.613 ,   1.903 ,   2.128
 46,   4  ,  14.909 ,   0.000 ,  47.741 ,  11.935 ,   0.000 ,   0.000 ,  25.415
 46,   5  ,   0.000 ,   0.000 ,   0.000 ,   0.000 ,   0.000 ,   0.000 , 100.000
 46,   6  ,  25.987 ,   0.000 ,  34.477 ,   8.619 ,   0.000 ,   0.000 ,  30.917
 46,   7  ,  31.000 ,   0.000 ,  35.600 ,   8.900 ,   0.000 ,   0.000 ,  24.500
 46,   8  ,  18.000 ,   0.000 ,   0.000 ,   0.000 ,   0.000 ,   0.000 ,  82.000
 46,   9  ,  33.106 ,   0.000 ,  34.836 ,   8.709 ,   0.000 ,   0.000 ,  23.349
 46,  10  ,  47.541 ,   0.000 ,  17.549 ,   4.387 ,   0.000 ,   0.000 ,  30.523
 46,  11  ,  69.231 ,   0.000 ,   0.000 ,   0.000 ,   0.000 ,   0.000 ,  30.769
 46,  12  ,  43.748 ,   0.000 ,  13.347 ,   3.337 ,   0.000 ,   0.000 ,  39.568
 46,  14  ,  20.951 ,   0.000 ,   7.954 ,   1.989 ,   0.000 ,   0.000 ,  69.106
 46,  15  ,  20.951 ,   0.000 ,   7.954 ,   1.989 ,   0.000 ,   0.000 ,  69.106
 46,  16  ,  62.671 ,   0.000 ,  13.684 ,   3.421 ,   0.000 ,   0.000 ,  20.224
 46,  17  ,  24.001 ,   0.000 ,  54.399 ,  13.600 ,   0.000 ,   0.000 ,   8.000
 46,  18  ,  53.000 ,   0.000 ,  24.001 ,   6.000 ,   0.000 ,   0.000 ,  16.999
 46,  19  ,  27.787 ,   0.000 ,   0.954 ,   0.239 ,   0.000 ,   0.000 ,  71.021
 60,   1  ,  24.113 ,   0.000 ,   7.893 ,   1.973 ,   0.000 ,   0.000 ,  66.021
 60,   2  ,   5.575 ,   0.000 ,   1.642 ,   0.411 ,   0.000 ,   0.000 ,  92.372
 60,   3  ,   5.384 ,  79.974 ,   0.586 ,   0.147 ,   8.709 ,   2.177 ,   3.022
 60,   4  ,  16.140 ,   0.000 ,  47.061 ,  11.765 ,   0.000 ,   0.000 ,  25.034
 60,   5  ,   0.000 ,   0.000 ,   0.000 ,   0.000 ,   0.000 ,   0.000 , 100.000
 60,   6  ,  27.562 ,   0.000 ,  22.605 ,   5.651 ,   0.000 ,   0.000 ,  44.181
 60,   7  ,  31.000 ,   0.000 ,  35.600 ,   8.900 ,   0.000 ,   0.000 ,  24.500
 60,   8  ,  18.000 ,   0.000 ,   0.000 ,   0.000 ,   0.000 ,   0.000 ,  82.000
 60,   9  ,  30.972 ,   0.000 ,  36.460 ,   9.115 ,   0.000 ,   0.000 ,  23.454
 60,  10  ,  48.590 ,   0.000 ,  16.060 ,   4.015 ,   0.000 ,   0.000 ,  31.336
 60,  11  ,  69.231 ,   0.000 ,   0.000 ,   0.000 ,   0.000 ,   0.000 ,  30.769
 60,  12  ,  17.190 ,   0.000 ,   1.208 ,   0.302 ,   0.000 ,   0.000 ,  81.300
 60,  14  ,  24.113 ,   0.000 ,   7.893 ,   1.973 ,   0.000 ,   0.000 ,  66.021
 60,  15  ,  24.113 ,   0.000 ,   7.893 ,   1.973 ,   0.000 ,   0.000 ,  66.021
 60,  16  ,  54.658 ,   0.000 ,  22.232 ,   5.558 ,   0.000 ,   0.000 ,  17.553
 60,  17  ,  23.977 ,   0.000 ,  54.425 ,  13.606 ,   0.000 ,   0.000 ,   7.992
 60,  18  ,  53.000 ,   0.000 ,  24.000 ,   6.000 ,   0.000 ,   0.000 ,  17.000
 60,  19  ,  27.843 ,   0.000 ,   0.947 ,   0.237 ,   0.000 ,   0.000 ,  70.973
  6,   1  ,  25.511 ,   0.000 ,   7.596 ,   1.899 ,   0.000 ,   0.000 ,  64.993
  6,   2  ,   5.189 ,   0.000 ,   0.275 ,   0.069 ,   0.000 ,   0.000 ,  94.467
  6,   3  ,   1.135 ,  86.762 ,   0.100 ,   0.025 ,   7.675 ,   1.919 ,   2.383
  6,   4  ,  13.821 ,   0.000 ,  57.641 ,  14.410 ,   0.000 ,   0.000 ,  14.128
  6,   5  ,   0.000 ,   0.000 ,   0.000 ,   0.000 ,   0.000 ,   0.000 , 100.000
  6,   6  ,  26.426 ,   0.000 ,  26.210 ,   6.553 ,   0.000 ,   0.000 ,  40.811
  6,   7  ,  31.129 ,   0.000 ,  35.066 ,   8.766 ,   0.000 ,   0.000 ,  25.039
  6,   8  ,  18.000 ,   0.000 ,   0.000 ,   0.000 ,   0.000 ,   0.000 ,  82.000
  6,   9  ,  41.039 ,   0.000 ,  28.737 ,   7.184 ,   0.000 ,   0.000 ,  23.040
  6,  10  ,  48.583 ,   0.000 ,  16.067 ,   4.017 ,   0.000 ,   0.000 ,  31.333
  6,  11  ,  69.231 ,   0.000 ,   0.000 ,   0.000 ,   0.000 ,   0.000 ,  30.769
  6,  12  ,  24.554 ,   0.000 ,   4.500 ,   1.125 ,   0.000 ,   0.000 ,  69.821
  6,  14  ,  25.511 ,   0.000 ,   7.596 ,   1.899 ,   0.000 ,   0.000 ,  64.993
  6,  15  ,  25.511 ,   0.000 ,   7.596 ,   1.899 ,   0.000 ,   0.000 ,  64.993
  6,  16  ,  54.915 ,   0.000 ,  21.957 ,   5.489 ,   0.000 ,   0.000 ,  17.638
  6,  17  ,  23.172 ,   0.000 ,  55.283 ,  13.821 ,   0.000 ,   0.000 ,   7.724
  6,  18  ,  50.678 ,   0.000 ,  22.070 ,   5.518 ,   0.000 ,   0.000 ,  21.734
  6,  19  ,  27.821 ,   0.000 ,   0.956 ,   0.239 ,   0.000 ,   0.000 ,  70.983
119,   1  ,  22.969 ,   0.000 ,   7.841 ,   1.960 ,   0.000 ,   0.000 ,  67.230
119,   2  ,   5.446 ,   0.000 ,   2.097 ,   0.524 ,   0.000 ,   0.000 ,  91.933
119,   3  ,  85.693 ,   0.000 ,   9.466 ,   2.366 ,   0.000 ,   0.000 ,   2.475
119,   4  ,  14.972 ,   0.000 ,  57.401 ,  14.350 ,   0.000 ,   0.000 ,  13.276
119,   5  ,   0.000 ,   0.000 ,   0.000 ,   0.000 ,   0.000 ,   0.000 , 100.000
119,   6  ,  28.055 ,   0.000 ,  31.531 ,   7.883 ,   0.000 ,   0.000 ,  32.532
119,   7  ,  30.815 ,   0.000 ,  34.956 ,   8.739 ,   0.000 ,   0.000 ,  25.490
119,   8  ,  18.000 ,   0.000 ,   0.000 ,   0.000 ,   0.000 ,   0.000 ,  82.000
119,   9  ,  41.406 ,   0.000 ,  30.063 ,   7.516 ,   0.000 ,   0.000 ,  21.016
119,  10  ,  47.616 ,   0.000 ,  17.440 ,   4.360 ,   0.000 ,   0.000 ,  30.584
119,  11  ,  69.231 ,   0.000 ,   0.000 ,   0.000 ,   0.000 ,   0.000 ,  30.769
119,  12  ,  44.711 ,   0.000 ,  13.823 ,   3.456 ,   0.000 ,   0.000 ,  38.010
119,  14  ,  22.969 ,   0.000 ,   7.841 ,   1.960 ,   0.000 ,   0.000 ,  67.230
119,  15  ,  22.969 ,   0.000 ,   7.841 ,   1.960 ,   0.000 ,   0.000 ,  67.230
119,  16  ,  58.278 ,   0.000 ,  18.370 ,   4.593 ,   0.000 ,   0.000 ,  18.759
119,  17  ,  24.714 ,   0.000 ,  53.638 ,  13.410 ,   0.000 ,   0.000 ,   8.238
119,  18  ,  50.678 ,   0.000 ,  22.070 ,   5.518 ,   0.000 ,   0.000 ,  21.734
119,  19  ,  27.640 ,   0.000 ,   0.949 ,   0.237 ,   0.000 ,   0.000 ,  71.174
237,   1  ,  22.969 ,   0.000 ,   7.841 ,   1.960 ,   0.000 ,   0.000 ,  67.230
237,   2  ,   5.446 ,   0.000 ,   2.097 ,   0.524 ,   0.000 ,   0.000 ,  91.933
237,   3  ,  85.693 ,   0.000 ,   9.466 ,   2.366 ,   0.000 ,   0.000 ,   2.475
237,   4  ,  14.972 ,   0.000 ,  57.402 ,  14.350 ,   0.000 ,   0.000 ,  13.276
237,   5  ,   0.000 ,   0.000 ,   0.000 ,   0.000 ,   0.000 ,   0.000 , 100.000
237,   6  ,  28.055 ,   0.000 ,  31.531 ,   7.883 ,   0.000 ,   0.000 ,  32.532
237,   7  ,  30.815 ,   0.000 ,  34.956 ,   8.739 ,   0.000 ,   0.000 ,  25.490
237,   8  ,  18.000 ,   0.000 ,   0.000 ,   0.000 ,   0.000 ,   0.000 ,  82.000
237,   9  ,  41.406 ,   0.000 ,  30.063 ,   7.516 ,   0.000 ,   0.000 ,  21.015
237,  10  ,  47.616 ,   0.000 ,  17.440 ,   4.360 ,   0.000 ,   0.000 ,  30.584
237,  11  ,  69.231 ,   0.000 ,   0.000 ,   0.000 ,   0.000 ,   0.000 ,  30.769
237,  12  ,  44.711 ,   0.000 ,  13.823 ,   3.456 ,   0.000 ,   0.000 ,  38.010
237,  14  ,  22.969 ,   0.000 ,   7.841 ,   1.960 ,   0.000 ,   0.000 ,  67.230
237,  15  ,  22.969 ,   0.000 ,   7.841 ,   1.960 ,   0.000 ,   0.000 ,  67.230
237,  16  ,  58.278 ,   0.000 ,  18.370 ,   4.593 ,   0.000 ,   0.000 ,  18.759
237,  17  ,  24.714 ,   0.000 ,  53.638 ,  13.410 ,   0.000 ,   0.000 ,   8.238
237,  18  ,  50.678 ,   0.000 ,  22.070 ,   5.518 ,   0.000 ,   0.000 ,  21.734
237,  19  ,  27.640 ,   0.000 ,   0.949 ,   0.237 ,   0.000 ,   0.000 ,  71.174
504,   7  ,  47.478 ,   0.000 ,  18.481 ,   4.620 ,   0.000 ,   0.000 ,  29.420
 22,   1  ,  24.567 ,   0.000 ,   7.781 ,   1.945 ,   0.000 ,   0.000 ,  65.707
 22,   2  ,   5.209 ,   0.000 ,   0.700 ,   0.175 ,   0.000 ,   0.000 ,  93.916
 22,   3  ,   1.813 ,  85.975 ,   0.163 ,   0.041 ,   7.753 ,   1.938 ,   2.316
 22,   4  ,   9.940 ,   0.000 ,  51.377 ,  12.844 ,   0.000 ,   0.000 ,  25.839
 22,   5  ,   0.000 ,   0.000 ,   0.000 ,   0.000 ,   0.000 ,   0.000 , 100.000
 22,   6  ,  25.528 ,   0.000 ,  32.688 ,   8.172 ,   0.000 ,   0.000 ,  33.613
 22,   7  ,  30.171 ,   0.000 ,  34.816 ,   8.704 ,   0.000 ,   0.000 ,  26.309
 22,   8  ,  18.000 ,   0.000 ,   0.000 ,   0.000 ,   0.000 ,   0.000 ,  82.000
 22,   9  ,  32.044 ,   0.000 ,  35.611 ,   8.903 ,   0.000 ,   0.000 ,  23.442
 22,  10  ,  48.818 ,   0.000 ,  15.734 ,   3.934 ,   0.000 ,   0.000 ,  31.515
 22,  11  ,  69.231 ,   0.000 ,   0.000 ,   0.000 ,   0.000 ,   0.000 ,  30.769
 22,  12  ,  47.772 ,   0.000 ,  15.057 ,   3.764 ,   0.000 ,   0.000 ,  33.407
 22,  14  ,  24.567 ,   0.000 ,   7.781 ,   1.945 ,   0.000 ,   0.000 ,  65.707
 22,  15  ,  24.567 ,   0.000 ,   7.781 ,   1.945 ,   0.000 ,   0.000 ,  65.707
 22,  16  ,  58.015 ,   0.000 ,  18.651 ,   4.663 ,   0.000 ,   0.000 ,  18.672
 22,  17  ,  22.725 ,   0.000 ,  55.760 ,  13.940 ,   0.000 ,   0.000 ,   7.575
 22,  18  ,  53.000 ,   0.000 ,  24.000 ,   6.000 ,   0.000 ,   0.000 ,  17.000
 22,  19  ,  27.964 ,   0.000 ,   0.950 ,   0.238 ,   0.000 ,   0.000 ,  70.848
 43,   1  ,  17.655 ,   0.000 ,   7.327 ,   1.832 ,   0.000 ,   0.000 ,  73.186
 43,   2  ,   1.395 ,   0.000 ,   0.209 ,   0.052 ,   0.000 ,   0.000 ,  98.344
 43,   3  ,   0.950 ,  87.468 ,   0.082 ,   0.021 ,   7.585 ,   1.896 ,   1.997
 43,   4  ,  16.041 ,   0.000 ,  52.634 ,  13.158 ,   0.000 ,   0.000 ,  18.167
 43,   5  ,   0.000 ,   0.000 ,   0.000 ,   0.000 ,   0.000 ,   0.000 , 100.000
 43,   6  ,  25.896 ,   0.000 ,  34.481 ,   8.620 ,   0.000 ,   0.000 ,  31.003
 43,   7  ,  31.000 ,   0.000 ,  35.600 ,   8.900 ,   0.000 ,   0.000 ,  24.500
 43,   8  ,  18.000 ,   0.000 ,   0.000 ,   0.000 ,   0.000 ,   0.000 ,  82.000
 43,   9  ,  28.690 ,   0.000 ,  38.257 ,   9.564 ,   0.000 ,   0.000 ,  23.488
 43,  10  ,  47.640 ,   0.000 ,  17.349 ,   4.337 ,   0.000 ,   0.000 ,  30.674
 43,  11  ,  69.231 ,   0.000 ,   0.000 ,   0.000 ,   0.000 ,   0.000 ,  30.769
 43,  12  ,  41.343 ,   0.000 ,  12.627 ,   3.157 ,   0.000 ,   0.000 ,  42.873
 43,  14  ,  17.655 ,   0.000 ,   7.327 ,   1.832 ,   0.000 ,   0.000 ,  73.186
 43,  15  ,  17.655 ,   0.000 ,   7.327 ,   1.832 ,   0.000 ,   0.000 ,  73.186
 43,  16  ,  53.000 ,   0.000 ,  24.000 ,   6.000 ,   0.000 ,   0.000 ,  17.000
 43,  17  ,  24.045 ,   0.000 ,  54.352 ,  13.588 ,   0.000 ,   0.000 ,   8.015
 43,  18  ,  50.678 ,   0.000 ,  22.070 ,   5.518 ,   0.000 ,   0.000 ,  21.734
 43,  19  ,  27.507 ,   0.000 ,   0.959 ,   0.240 ,   0.000 ,   0.000 ,  71.295
  7,   1  ,  17.943 ,   0.000 ,   7.469 ,   1.867 ,   0.000 ,   0.000 ,  72.721
  7,   2  ,   2.144 ,   0.000 ,   2.071 ,   0.518 ,   0.000 ,   0.000 ,  95.267
  7,   3  ,   0.596 ,  86.234 ,   0.052 ,   0.013 ,   7.594 ,   1.899 ,   3.612
  7,   4  ,  22.813 ,   0.000 ,  36.282 ,   9.071 ,   0.000 ,   0.000 ,  31.834
  7,   5  ,   0.000 ,   0.000 ,   0.000 ,   0.000 ,   0.000 ,   0.000 , 100.000
  7,   6  ,  21.692 ,   0.000 ,  10.170 ,   2.543 ,   0.000 ,   0.000 ,  65.596
  7,   7  ,  30.844 ,   0.000 ,  33.132 ,   8.283 ,   0.000 ,   0.000 ,  27.742
  7,   8  ,  18.000 ,   0.000 ,   0.000 ,   0.000 ,   0.000 ,   0.000 ,  82.000
  7,   9  ,  39.182 ,   0.000 ,  29.840 ,   7.460 ,   0.000 ,   0.000 ,  23.519
  7,  10  ,  47.148 ,   0.000 ,  18.091 ,   4.523 ,   0.000 ,   0.000 ,  30.238
  7,  11  ,  69.231 ,   0.000 ,   0.000 ,   0.000 ,   0.000 ,   0.000 ,  30.769
  7,  12  ,  11.720 ,   0.000 ,   0.467 ,   0.117 ,   0.000 ,   0.000 ,  87.696
  7,  14  ,  17.943 ,   0.000 ,   7.469 ,   1.867 ,   0.000 ,   0.000 ,  72.721
  7,  15  ,  17.943 ,   0.000 ,   7.469 ,   1.867 ,   0.000 ,   0.000 ,  72.721
  7,  16  ,  55.791 ,   0.000 ,  21.023 ,   5.256 ,   0.000 ,   0.000 ,  17.930
  7,  17  ,  24.370 ,   0.000 ,  54.005 ,  13.501 ,   0.000 ,   0.000 ,   8.123
  7,  18  ,  50.678 ,   0.000 ,  22.070 ,   5.518 ,   0.000 ,   0.000 ,  21.734
  7,  19  ,  20.588 ,   0.000 ,   0.893 ,   0.223 ,   0.000 ,   0.000 ,  78.296
  8,   1  ,  22.438 ,   0.000 ,   7.947 ,   1.987 ,   0.000 ,   0.000 ,  67.628
  8,   2  ,   2.052 ,   0.000 ,   1.058 ,   0.265 ,   0.000 ,   0.000 ,  96.625
  8,   3  ,   1.913 ,  85.832 ,   0.179 ,   0.045 ,   8.025 ,   2.006 ,   2.001
  8,   4  ,   9.974 ,   0.000 ,  50.157 ,  12.539 ,   0.000 ,   0.000 ,  27.329
  8,   5  ,   0.000 ,   0.000 ,   0.000 ,   0.000 ,   0.000 ,   0.000 , 100.000
  8,   6  ,  24.608 ,   0.000 ,  38.656 ,   9.664 ,   0.000 ,   0.000 ,  27.073
  8,   7  ,  31.455 ,   0.000 ,  35.108 ,   8.777 ,   0.000 ,   0.000 ,  24.660
  8,   8  ,  18.000 ,   0.000 ,   0.000 ,   0.000 ,   0.000 ,   0.000 ,  82.000
  8,   9  ,  33.789 ,   0.000 ,  34.254 ,   8.564 ,   0.000 ,   0.000 ,  23.394
  8,  10  ,  48.082 ,   0.000 ,  16.778 ,   4.195 ,   0.000 ,   0.000 ,  30.945
  8,  11  ,  69.231 ,   0.000 ,   0.000 ,   0.000 ,   0.000 ,   0.000 ,  30.769
  8,  12  ,  27.720 ,   0.000 ,   6.275 ,   1.569 ,   0.000 ,   0.000 ,  64.437
  8,  14  ,  22.438 ,   0.000 ,   7.947 ,   1.987 ,   0.000 ,   0.000 ,  67.628
  8,  15  ,  22.438 ,   0.000 ,   7.947 ,   1.987 ,   0.000 ,   0.000 ,  67.628
  8,  16  ,  55.784 ,   0.000 ,  21.031 ,   5.258 ,   0.000 ,   0.000 ,  17.928
  8,  17  ,  22.381 ,   0.000 ,  56.127 ,  14.032 ,   0.000 ,   0.000 ,   7.460
  8,  18  ,  53.000 ,   0.000 ,  24.000 ,   6.000 ,   0.000 ,   0.000 ,  17.000
  8,  19  ,  28.155 ,   0.000 ,   0.951 ,   0.238 ,   0.000 ,   0.000 ,  70.656
 27,   1  ,  24.113 ,   0.000 ,   7.893 ,   1.973 ,   0.000 ,   0.000 ,  66.021
 27,   2  ,   5.575 ,   0.000 ,   1.642 ,   0.411 ,   0.000 ,   0.000 ,  92.372
 27,   3  ,  27.145 ,  52.240 ,   4.432 ,   1.108 ,   8.529 ,   2.132 ,   4.414
 27,   4  ,  16.140 ,   0.000 ,  47.061 ,  11.765 ,   0.000 ,   0.000 ,  25.034
 27,   5  ,   0.000 ,   0.000 ,   0.000 ,   0.000 ,   0.000 ,   0.000 , 100.000
 27,   6  ,  26.791 ,   0.000 ,  23.363 ,   5.841 ,   0.000 ,   0.000 ,  44.005
 27,   7  ,  31.000 ,   0.000 ,  35.600 ,   8.900 ,   0.000 ,   0.000 ,  24.500
 27,   8  ,  18.000 ,   0.000 ,   0.000 ,   0.000 ,   0.000 ,   0.000 ,  82.000
 27,   9  ,  30.972 ,   0.000 ,  36.460 ,   9.115 ,   0.000 ,   0.000 ,  23.454
 27,  10  ,  48.590 ,   0.000 ,  16.060 ,   4.015 ,   0.000 ,   0.000 ,  31.336
 27,  11  ,  69.231 ,   0.000 ,   0.000 ,   0.000 ,   0.000 ,   0.000 ,  30.769
 27,  12  ,  17.190 ,   0.000 ,   1.208 ,   0.302 ,   0.000 ,   0.000 ,  81.300
 27,  14  ,  24.113 ,   0.000 ,   7.893 ,   1.973 ,   0.000 ,   0.000 ,  66.021
 27,  15  ,  24.113 ,   0.000 ,   7.893 ,   1.973 ,   0.000 ,   0.000 ,  66.021
 27,  16  ,  54.658 ,   0.000 ,  22.232 ,   5.558 ,   0.000 ,   0.000 ,  17.553
 27,  17  ,  23.977 ,   0.000 ,  54.425 ,  13.606 ,   0.000 ,   0.000 ,   7.992
 27,  18  ,  53.000 ,   0.000 ,  24.000 ,   6.000 ,   0.000 ,   0.000 ,  17.000
 27,  19  ,  27.843 ,   0.000 ,   0.947 ,   0.237 ,   0.000 ,   0.000 ,  70.973
 54,   1  ,  22.969 ,   0.000 ,   7.841 ,   1.960 ,   0.000 ,   0.000 ,  67.230
 54,   2  ,   5.446 ,   0.000 ,   2.097 ,   0.524 ,   0.000 ,   0.000 ,  91.933
 54,   3  ,  85.377 ,   0.000 ,   8.753 ,   2.188 ,   0.000 ,   0.000 ,   3.682
 54,   4  ,  14.972 ,   0.000 ,  57.402 ,  14.350 ,   0.000 ,   0.000 ,  13.276
 54,   5  ,   0.000 ,   0.000 ,   0.000 ,   0.000 ,   0.000 ,   0.000 , 100.000
 54,   6  ,  28.055 ,   0.000 ,  31.531 ,   7.883 ,   0.000 ,   0.000 ,  32.532
 54,   7  ,  30.815 ,   0.000 ,  34.956 ,   8.739 ,   0.000 ,   0.000 ,  25.490
 54,   8  ,  18.000 ,   0.000 ,   0.000 ,   0.000 ,   0.000 ,   0.000 ,  82.000
 54,   9  ,  41.406 ,   0.000 ,  30.063 ,   7.516 ,   0.000 ,   0.000 ,  21.015
 54,  10  ,  47.617 ,   0.000 ,  17.440 ,   4.360 ,   0.000 ,   0.000 ,  30.583
 54,  11  ,  69.231 ,   0.000 ,   0.000 ,   0.000 ,   0.000 ,   0.000 ,  30.769
 54,  12  ,  44.711 ,   0.000 ,  13.823 ,   3.456 ,   0.000 ,   0.000 ,  38.010
 54,  14  ,  22.969 ,   0.000 ,   7.841 ,   1.960 ,   0.000 ,   0.000 ,  67.230
 54,  15  ,  22.969 ,   0.000 ,   7.841 ,   1.960 ,   0.000 ,   0.000 ,  67.230
 54,  16  ,  58.278 ,   0.000 ,  18.370 ,   4.593 ,   0.000 ,   0.000 ,  18.759
 54,  17  ,  24.714 ,   0.000 ,  53.638 ,  13.410 ,   0.000 ,   0.000 ,   8.238
 54,  18  ,  50.678 ,   0.000 ,  22.070 ,   5.518 ,   0.000 ,   0.000 ,  21.734
 54,  19  ,  27.640 ,   0.000 ,   0.949 ,   0.237 ,   0.000 ,   0.000 ,  71.174
 11,   1  ,  20.400 ,   0.000 ,  15.813 ,   3.953 ,   0.000 ,   0.000 ,  59.833
 11,   2  ,   6.373 ,   0.000 ,   0.124 ,   0.031 ,   0.000 ,   0.000 ,  93.473
 11,   3  ,   0.272 ,  88.035 ,   0.024 ,   0.006 ,   7.847 ,   1.962 ,   1.854
 11,   4  ,  22.094 ,   0.000 ,  37.194 ,   9.299 ,   0.000 ,   0.000 ,  31.413
 11,   5  ,   0.000 ,   0.000 ,   0.000 ,   0.000 ,   0.000 ,   0.000 , 100.000
 11,   6  ,  30.736 ,   0.000 ,  27.055 ,   6.764 ,   0.000 ,   0.000 ,  35.445
 11,   7  ,  28.645 ,   0.000 ,  33.528 ,   8.382 ,   0.000 ,   0.000 ,  29.446
 11,   8  ,  18.000 ,   0.000 ,   0.000 ,   0.000 ,   0.000 ,   0.000 ,  82.000
 11,   9  ,  49.056 ,   0.000 ,  22.158 ,   5.540 ,   0.000 ,   0.000 ,  23.247
 11,  10  ,  47.370 ,   0.000 ,  17.781 ,   4.445 ,   0.000 ,   0.000 ,  30.404
 11,  11  ,  69.231 ,   0.000 ,   0.000 ,   0.000 ,   0.000 ,   0.000 ,  30.769
 11,  12  ,  46.937 ,   0.000 ,  14.692 ,   3.673 ,   0.000 ,   0.000 ,  34.698
 11,  14  ,  20.400 ,   0.000 ,  15.813 ,   3.953 ,   0.000 ,   0.000 ,  59.833
 11,  15  ,  20.400 ,   0.000 ,  15.813 ,   3.953 ,   0.000 ,   0.000 ,  59.833
 11,  16  ,  56.140 ,   0.000 ,  20.651 ,   5.163 ,   0.000 ,   0.000 ,  18.047
 11,  17  ,  26.058 ,   0.000 ,  52.204 ,  13.051 ,   0.000 ,   0.000 ,   8.686
 11,  18  ,  53.000 ,   0.000 ,  24.000 ,   6.000 ,   0.000 ,   0.000 ,  17.000
 11,  19  ,  27.923 ,   0.000 ,   0.955 ,   0.239 ,   0.000 ,   0.000 ,  70.884
601,   1  ,  22.969 ,   0.000 ,   7.841 ,   1.960 ,   0.000 ,   0.000 ,  67.230
601,   2  ,   5.446 ,   0.000 ,   2.097 ,   0.524 ,   0.000 ,   0.000 ,  91.933
601,   3  ,  85.693 ,   0.000 ,   9.466 ,   2.366 ,   0.000 ,   0.000 ,   2.475
601,   4  ,  14.972 ,   0.000 ,  57.402 ,  14.350 ,   0.000 ,   0.000 ,  13.276
601,   5  ,   0.000 ,   0.000 ,   0.000 ,   0.000 ,   0.000 ,   0.000 , 100.000
601,   6  ,  40.328 ,   0.000 ,  23.757 ,   5.939 ,   0.000 ,   0.000 ,  29.976
601,   7  ,  30.815 ,   0.000 ,  34.956 ,   8.739 ,   0.000 ,   0.000 ,  25.490
601,   8  ,  18.000 ,   0.000 ,   0.000 ,   0.000 ,   0.000 ,   0.000 ,  82.000
601,   9  ,  41.406 ,   0.000 ,  30.063 ,   7.516 ,   0.000 ,   0.000 ,  21.015
601,  10  ,  47.617 ,   0.000 ,  17.440 ,   4.360 ,   0.000 ,   0.000 ,  30.584
601,  12  ,  44.711 ,   0.000 ,  13.823 ,   3.456 ,   0.000 ,   0.000 ,  38.010
601,  14  ,  22.969 ,   0.000 ,   7.841 ,   1.960 ,   0.000 ,   0.000 ,  67.230
601,  15  ,  22.969 ,   0.000 ,   7.841 ,   1.960 ,   0.000 ,   0.000 ,  67.230
601,  16  ,  58.278 ,   0.000 ,  18.370 ,   4.593 ,   0.000 ,   0.000 ,  18.759
601,  17  ,  24.714 ,   0.000 ,  53.638 ,  13.410 ,   0.000 ,   0.000 ,   8.238
601,  18  ,  50.678 ,   0.000 ,  22.070 ,   5.518 ,   0.000 ,   0.000 ,  21.734
601,  19  ,  27.640 ,   0.000 ,   0.949 ,   0.237 ,   0.000 ,   0.000 ,  71.174
501,   7  ,  22.450 ,   0.000 ,   9.380 ,   2.345 ,   0.000 ,   0.000 ,  65.825
 49,   1  ,  27.143 ,   0.000 ,   7.657 ,   1.914 ,   0.000 ,   0.000 ,  63.286
 49,   2  ,   1.848 ,   0.000 ,   0.474 ,   0.118 ,   0.000 ,   0.000 ,  97.560
 49,   3  ,   0.222 ,  88.428 ,   0.019 ,   0.005 ,   7.660 ,   1.915 ,   1.751
 49,   4  ,  10.000 ,   0.000 ,  50.000 ,  12.500 ,   0.000 ,   0.000 ,  27.500
 49,   5  ,   0.000 ,   0.000 ,   0.000 ,   0.000 ,   0.000 ,   0.000 , 100.000
 49,   6  ,  27.707 ,   0.000 ,  37.174 ,   9.293 ,   0.000 ,   0.000 ,  25.826
 49,   7  ,  31.000 ,   0.000 ,  35.600 ,   8.900 ,   0.000 ,   0.000 ,  24.500
 49,   8  ,  18.000 ,   0.000 ,   0.000 ,   0.000 ,   0.000 ,   0.000 ,  82.000
 49,   9  ,  28.433 ,   0.000 ,  38.265 ,   9.566 ,   0.000 ,   0.000 ,  23.736
 49,  10  ,  46.619 ,   0.000 ,  18.877 ,   4.719 ,   0.000 ,   0.000 ,  29.785
 49,  11  ,  69.231 ,   0.000 ,   0.000 ,   0.000 ,   0.000 ,   0.000 ,  30.769
 49,  12  ,  45.909 ,   0.000 ,  14.313 ,   3.578 ,   0.000 ,   0.000 ,  36.200
 49,  14  ,  27.143 ,   0.000 ,   7.657 ,   1.914 ,   0.000 ,   0.000 ,  63.286
 49,  15  ,  27.143 ,   0.000 ,   7.657 ,   1.914 ,   0.000 ,   0.000 ,  63.286
 49,  16  ,  53.000 ,   0.000 ,  24.000 ,   6.000 ,   0.000 ,   0.000 ,  17.000
 49,  17  ,  25.265 ,   0.000 ,  53.051 ,  13.263 ,   0.000 ,   0.000 ,   8.422
 49,  18  ,  53.000 ,   0.000 ,  24.000 ,   6.000 ,   0.000 ,   0.000 ,  17.000
 49,  19  ,  28.005 ,   0.000 ,   0.947 ,   0.237 ,   0.000 ,   0.000 ,  70.811
 12,   1  ,  22.115 ,   0.000 ,   7.898 ,   1.975 ,   0.000 ,   0.000 ,  68.012
 12,   2  ,   4.413 ,   0.000 ,   1.543 ,   0.386 ,   0.000 ,   0.000 ,  93.659
 12,   3  ,   4.603 ,  81.622 ,   0.453 ,   0.113 ,   8.032 ,   2.008 ,   3.169
 12,   4  ,  14.588 ,   0.000 ,  52.425 ,  13.106 ,   0.000 ,   0.000 ,  19.881
 12,   5  ,   0.000 ,   0.000 ,   0.000 ,   0.000 ,   0.000 ,   0.000 , 100.000
 12,   6  ,  25.851 ,   0.000 ,  35.013 ,   8.753 ,   0.000 ,   0.000 ,  30.383
 12,   7  ,  31.000 ,   0.000 ,  35.600 ,   8.900 ,   0.000 ,   0.000 ,  24.500
 12,   8  ,  18.000 ,   0.000 ,   0.000 ,   0.000 ,   0.000 ,   0.000 ,  82.000
 12,   9  ,  31.338 ,   0.000 ,  36.161 ,   9.040 ,   0.000 ,   0.000 ,  23.460
 12,  10  ,  47.405 ,   0.000 ,  17.729 ,   4.432 ,   0.000 ,   0.000 ,  30.434
 12,  11  ,  69.231 ,   0.000 ,   0.000 ,   0.000 ,   0.000 ,   0.000 ,  30.769
 12,  12  ,  29.835 ,   0.000 ,   7.289 ,   1.822 ,   0.000 ,   0.000 ,  61.053
 12,  14  ,  22.115 ,   0.000 ,   7.898 ,   1.975 ,   0.000 ,   0.000 ,  68.012
 12,  15  ,  22.115 ,   0.000 ,   7.898 ,   1.975 ,   0.000 ,   0.000 ,  68.012
 12,  16  ,  56.725 ,   0.000 ,  20.027 ,   5.007 ,   0.000 ,   0.000 ,  18.242
 12,  17  ,  23.054 ,   0.000 ,  55.409 ,  13.852 ,   0.000 ,   0.000 ,   7.685
 12,  18  ,  50.678 ,   0.000 ,  22.070 ,   5.518 ,   0.000 ,   0.000 ,  21.734
 12,  19  ,  27.882 ,   0.000 ,   0.954 ,   0.238 ,   0.000 ,   0.000 ,  70.926
505,   7  ,  22.450 ,   0.000 ,   9.380 ,   2.345 ,   0.000 ,   0.000 ,  65.825
 14,   1  ,  23.621 ,   0.000 ,  11.202 ,   2.801 ,   0.000 ,   0.000 ,  62.376
 14,   2  ,  15.384 ,   0.000 ,   0.065 ,   0.016 ,   0.000 ,   0.000 ,  84.535
 14,   3  ,  52.941 ,  24.323 ,  12.017 ,   3.004 ,   5.521 ,   1.380 ,   0.814
 14,   4  ,  12.515 ,   0.000 ,  47.308 ,  11.827 ,   0.000 ,   0.000 ,  28.351
 14,   5  ,   0.000 ,   0.000 ,   0.000 ,   0.000 ,   0.000 ,   0.000 , 100.000
 14,   6  ,  27.423 ,   0.000 ,  29.580 ,   7.395 ,   0.000 ,   0.000 ,  35.602
 14,   7  ,  31.000 ,   0.000 ,  35.600 ,   8.900 ,   0.000 ,   0.000 ,  24.500
 14,   8  ,  18.000 ,   0.000 ,   0.000 ,   0.000 ,   0.000 ,   0.000 ,  82.000
 14,   9  ,  27.538 ,   0.000 ,  39.169 ,   9.792 ,   0.000 ,   0.000 ,  23.500
 14,  10  ,  49.645 ,   0.000 ,  14.562 ,   3.641 ,   0.000 ,   0.000 ,  32.152
 14,  11  ,  69.231 ,   0.000 ,   0.000 ,   0.000 ,   0.000 ,   0.000 ,  30.769
 14,  12  ,  45.729 ,   0.000 ,  13.767 ,   3.442 ,   0.000 ,   0.000 ,  37.063
 14,  14  ,  23.621 ,   0.000 ,  11.202 ,   2.801 ,   0.000 ,   0.000 ,  62.376
 14,  15  ,  23.621 ,   0.000 ,  11.202 ,   2.801 ,   0.000 ,   0.000 ,  62.376
 14,  16  ,  54.286 ,   0.000 ,  22.629 ,   5.657 ,   0.000 ,   0.000 ,  17.429
 14,  17  ,  26.275 ,   0.000 ,  51.973 ,  12.993 ,   0.000 ,   0.000 ,   8.758
 14,  18  ,  50.678 ,   0.000 ,  22.070 ,   5.518 ,   0.000 ,   0.000 ,  21.734
 14,  19  ,  28.047 ,   0.000 ,   0.944 ,   0.236 ,   0.000 ,   0.000 ,  70.772
250,   1  ,  22.969 ,   0.000 ,   7.841 ,   1.960 ,   0.000 ,   0.000 ,  67.230
250,   2  ,   5.446 ,   0.000 ,   2.097 ,   0.524 ,   0.000 ,   0.000 ,  91.933
250,   3  ,  85.693 ,   0.000 ,   9.466 ,   2.366 ,   0.000 ,   0.000 ,   2.475
250,   4  ,  14.972 ,   0.000 ,  57.401 ,  14.350 ,   0.000 ,   0.000 ,  13.276
250,   5  ,   0.000 ,   0.000 ,   0.000 ,   0.000 ,   0.000 ,   0.000 , 100.000
250,   6  ,  28.055 ,   0.000 ,  31.531 ,   7.883 ,   0.000 ,   0.000 ,  32.532
250,   7  ,  30.815 ,   0.000 ,  34.956 ,   8.739 ,   0.000 ,   0.000 ,  25.490
250,   8  ,  18.000 ,   0.000 ,   0.000 ,   0.000 ,   0.000 ,   0.000 ,  82.000
250,   9  ,  41.406 ,   0.000 ,  30.063 ,   7.516 ,   0.000 ,   0.000 ,  21.016
250,  10  ,  47.616 ,   0.000 ,  17.440 ,   4.360 ,   0.000 ,   0.000 ,  30.584
250,  11  ,  69.231 ,   0.000 ,   0.000 ,   0.000 ,   0.000 ,   0.000 ,  30.769
250,  12  ,  44.711 ,   0.000 ,  13.823 ,   3.456 ,   0.000 ,   0.000 ,  38.010
250,  14  ,  22.969 ,   0.000 ,   7.841 ,   1.960 ,   0.000 ,   0.000 ,  67.230
250,  15  ,  22.969 ,   0.000 ,   7.841 ,   1.960 ,   0.000 ,   0.000 ,  67.230
250,  16  ,  58.278 ,   0.000 ,  18.370 ,   4.593 ,   0.000 ,   0.000 ,  18.759
250,  17  ,  24.714 ,   0.000 ,  53.638 ,  13.410 ,   0.000 ,   0.000 ,   8.238
250,  18  ,  50.678 ,   0.000 ,  22.070 ,   5.518 ,   0.000 ,   0.000 ,  21.734
250,  19  ,  27.640 ,   0.000 ,   0.949 ,   0.237 ,   0.000 ,   0.000 ,  71.174
110,   1  ,  22.969 ,   0.000 ,   7.841 ,   1.960 ,   0.000 ,   0.000 ,  67.230
