# PMcoarse splits for EmChem19a-Refx, 19-GNFR-sector-system (June 2020)
# Derived from TNO CAMS-REG_AP_v2.2.1_2015_REF (label gnfrRef2_yr2015_jun2020)
# Key-word MASS_ASSUMED= 0 by default, 
# GNFR sectors: Sectors:1=A; 2=B; 3=C; 4=D; 5=E; 6=F; 7=G; 8=H; 9=I; 10=J; 11=K; 12=L; 13=M; 14=A1; 15=A2; 16=F1; 17=F2; 18=F3; 19=F4; 
# change when emissions have artificial mass; e.g. 46 for NOx as NO2
: MASS_ASSUMED 0 
99,99,  POM_c_ffuel,  EC_c_ffuel, EC_c_wood, remPPM_c,  #HEADERS
#DATA
  1,   1,   0.000,   9.222,   0.000,  90.778
  1,   2,   5.792,   0.198,   0.000,  94.011
  1,   3,   0.000,   0.899,  30.954,  68.147
  1,   4,   8.846,  60.481,   0.000,  30.673
  1,   5,   0.000,   0.000,   0.000, 100.000
  1,   6,  15.681,   6.294,   0.000,  78.025
  1,   7,   0.000,  42.031,   0.000,  57.969
  1,   8,   0.000,   0.000,   0.000, 100.000
  1,   9,   0.000,  48.500,   0.000,  51.500
  1,  10,   0.000,  20.000,   0.000,  80.000
  1,  11,  69.231,   0.000,   0.000,  30.769
  1,  12,   7.948,   5.144,   0.000,  86.908
  1,  14,   0.000,   9.222,   0.000,  90.778
  1,  15,   0.000,   9.222,   0.000,  90.778
  1,  16,   0.000,  20.379,   0.000,  79.621
  1,  17,   0.000,  72.000,   0.000,  28.000
  1,  18,   0.000,  25.120,   0.000,  74.880
  1,  19,  16.325,   4.944,   0.000,  78.731
 56,   1,   0.000,   9.222,   0.000,  90.778
 56,   2,   2.301,   1.809,   0.000,  95.891
 56,   3,   0.000,  18.321,   0.000,  81.679
 56,   4,   6.455,  60.693,   0.000,  32.852
 56,   5,   0.000,   0.000,   0.000, 100.000
 56,   7,   0.000,  43.540,   0.000,  56.460
 56,   8,   0.000,   0.000,   0.000, 100.000
 56,  10,   0.000,  20.000,   0.000,  80.000
 56,  11,  69.231,   0.000,   0.000,  30.769
 56,  12,  10.024,   3.690,   0.000,  86.286
 56,  14,   0.000,   9.222,   0.000,  90.778
 56,  15,   0.000,   9.222,   0.000,  90.778
 32,   7,  22.450,  11.725,   0.000,  65.825
  2,   1,   0.000,  10.000,   0.000,  90.000
  2,   2,   1.220,   0.694,   0.000,  98.086
  2,   3,   0.046,   0.224,  27.795,  71.935
  2,   4,  10.000,  62.500,   0.000,  27.500
  2,   5,   0.000,   0.000,   0.000, 100.000
  2,   7,   0.000,  42.842,   0.000,  57.158
  2,   8,   0.000,   0.000,   0.000, 100.000
  2,   9,   0.000,  41.052,   0.000,  58.948
  2,  10,   0.000,  20.000,   0.000,  80.000
  2,  11,  69.231,   0.000,   0.000,  30.769
  2,  12,  12.394,   0.093,   0.000,  87.513
  2,  14,   0.000,  10.000,   0.000,  90.000
  2,  15,   0.000,  10.000,   0.000,  90.000
  2,  17,   0.000,  67.173,   0.000,  32.827
  2,  18,   0.000,  25.120,   0.000,  74.880
  2,  19,  16.037,   4.905,   0.000,  79.057
 69,   1,   0.000,   9.222,   0.000,  90.778
 69,   2,   2.301,   1.809,   0.000,  95.891
 69,   3,   0.000,  11.264,   0.000,  88.736
 69,   4,   6.455,  60.694,   0.000,  32.852
 69,   5,   0.000,   0.000,   0.000, 100.000
 69,   8,   0.000,   0.000,   0.000, 100.000
 69,   9,   0.000,  34.886,   0.000,  65.114
 69,  10,   0.000,  20.000,   0.000,  80.000
 69,  11,  69.231,   0.000,   0.000,  30.769
 69,  12,  10.024,   3.690,   0.000,  86.286
 69,  14,   0.000,   9.222,   0.000,  90.778
 69,  15,   0.000,   9.222,   0.000,  90.778
502,   7,  22.450,  11.725,   0.000,  65.825
 30,   7,  47.478,  23.101,   0.000,  29.421
  3,   1,   0.000,   9.118,   0.000,  90.882
  3,   2,   1.350,   1.280,   0.000,  97.370
  3,   3,   0.175,   0.457,  18.284,  81.084
  3,   4,  10.000,  62.500,   0.000,  27.500
  3,   5,   0.000,   0.000,   0.000, 100.000
  3,   6,  15.972,   5.014,   0.000,  79.014
  3,   7,   0.000,  43.103,   0.000,  56.897
  3,   8,   0.000,   0.000,   0.000, 100.000
  3,   9,   0.000,  30.339,   0.000,  69.661
  3,  10,   0.000,  20.000,   0.000,  80.000
  3,  11,  69.231,   0.000,   0.000,  30.769
  3,  12,  34.591,   0.748,   0.000,  64.660
  3,  14,   0.000,   9.118,   0.000,  90.882
  3,  15,   0.000,   9.118,   0.000,  90.882
  3,  16,   0.000,  20.379,   0.000,  79.621
  3,  17,   0.000,  67.168,   0.000,  32.832
  3,  18,   0.000,  25.120,   0.000,  74.880
  3,  19,  16.003,   4.950,   0.000,  79.047
  4,   1,   0.000,  10.000,   0.000,  90.000
  4,   2,   2.003,   0.316,   0.000,  97.681
  4,   3,   0.057,   1.465,  14.254,  84.224
  4,   4,   3.481,  51.092,   0.000,  45.427
  4,   5,   0.000,   0.000,   0.000, 100.000
  4,   6,  15.605,   5.261,   0.000,  79.134
  4,   7,   0.000,  44.500,   0.000,  55.500
  4,   8,   0.000,   0.000,   0.000, 100.000
  4,   9,   0.000,  43.571,   0.000,  56.429
  4,  10,   0.000,  20.000,   0.000,  80.000
  4,  11,  69.231,   0.000,   0.000,  30.769
  4,  12,   9.049,   3.714,   0.000,  87.237
  4,  14,   0.000,  10.000,   0.000,  90.000
  4,  15,   0.000,  10.000,   0.000,  90.000
  4,  16,   0.000,  20.379,   0.000,  79.621
  4,  17,   0.000,  72.000,   0.000,  28.000
  4,  18,   0.000,  25.120,   0.000,  74.880
  4,  19,  15.746,   4.954,   0.000,  79.300
 50,   1,   0.000,   9.222,   0.000,  90.778
 50,   2,   5.336,   0.215,   0.000,  94.449
 50,   3,   0.000,   0.066,  18.659,  81.276
 50,   4,   1.190,  47.083,   0.000,  51.726
 50,   5,   0.000,   0.000,   0.000, 100.000
 50,   6,  15.761,   6.002,   0.000,  78.237
 50,   7,   0.000,  43.540,   0.000,  56.460
 50,   8,   0.000,   0.000,   0.000, 100.000
 50,   9,   0.000,  48.500,   0.000,  51.500
 50,  10,   0.000,  20.000,   0.000,  80.000
 50,  11,  69.231,   0.000,   0.000,  30.769
 50,  12,  10.087,   4.283,   0.000,  85.631
 50,  14,   0.000,   9.222,   0.000,  90.778
 50,  15,   0.000,   9.222,   0.000,  90.778
 50,  16,   0.000,  20.379,   0.000,  79.621
 50,  17,   0.000,  72.000,   0.000,  28.000
 50,  18,   0.000,  25.120,   0.000,  74.880
 50,  19,  16.275,   4.921,   0.000,  78.804
 39,   1,   0.000,   9.872,   0.000,  90.128
 39,   2,   1.757,   0.354,   0.000,  97.888
 39,   3,   0.133,   0.947,  17.730,  81.190
 39,   4,  10.000,  62.500,   0.000,  27.500
 39,   5,   0.000,   0.000,   0.000, 100.000
 39,   6,  15.915,   5.001,   0.000,  79.084
 39,   7,   0.000,  43.664,   0.000,  56.336
 39,   8,   0.000,   0.000,   0.000, 100.000
 39,   9,   0.000,  44.270,   0.000,  55.730
 39,  10,   0.000,  20.000,   0.000,  80.000
 39,  11,  69.231,   0.000,   0.000,  30.769
 39,  12,   8.353,   4.566,   0.000,  87.080
 39,  14,   0.000,   9.872,   0.000,  90.128
 39,  15,   0.000,   9.872,   0.000,  90.128
 39,  16,   0.000,  10.000,   0.000,  90.000
 39,  17,   0.000,  67.168,   0.000,  32.832
 39,  18,   0.000,  25.120,   0.000,  74.880
 39,  19,  16.014,   4.857,   0.000,  79.129
 34,   7,  22.450,  11.725,   0.000,  65.825
 80,   7,  22.450,  11.725,   0.000,  65.825
 24,   1,   0.000,   9.222,   0.000,  90.778
 24,   2,   4.345,   0.114,   0.000,  95.541
 24,   3,   0.000,   0.710,  27.371,  71.919
 24,   4,  10.000,  62.500,   0.000,  27.500
 24,   5,   0.000,   0.000,   0.000, 100.000
 24,   6,  16.031,   5.020,   0.000,  78.949
 24,   7,   0.000,  42.164,   0.000,  57.836
 24,   8,   0.000,   0.000,   0.000, 100.000
 24,   9,   0.000,  41.926,   0.000,  58.074
 24,  10,   0.000,  20.000,   0.000,  80.000
 24,  11,  69.231,   0.000,   0.000,  30.769
 24,  12,  38.688,   9.412,   0.000,  51.900
 24,  14,   0.000,   9.222,   0.000,  90.778
 24,  15,   0.000,   9.222,   0.000,  90.778
 24,  16,   0.000,  20.379,   0.000,  79.621
 24,  17,   0.000,  67.168,   0.000,  32.832
 24,  18,   0.000,  25.120,   0.000,  74.880
 24,  19,  16.050,   4.982,   0.000,  78.968
 55,   1,   0.000,   9.222,   0.000,  90.778
 55,   2,   2.928,   0.122,   0.000,  96.950
 55,   3,   0.000,   1.468,  24.836,  73.696
 55,   4,   6.455,  60.693,   0.000,  32.852
 55,   5,   0.000,   0.000,   0.000, 100.000
 55,   6,  15.502,   6.294,   0.000,  78.204
 55,   7,   0.000,  43.540,   0.000,  56.460
 55,   8,   0.000,   0.000,   0.000, 100.000
 55,   9,   0.000,  51.500,   0.000,  48.500
 55,  10,   0.000,  20.000,   0.000,  80.000
 55,  11,  69.231,   0.000,   0.000,  30.769
 55,  12,   0.000,  20.000,   0.000,  80.000
 55,  14,   0.000,   9.222,   0.000,  90.778
 55,  15,   0.000,   9.222,   0.000,  90.778
 55,  16,   0.000,  20.379,   0.000,  79.621
 55,  17,   0.000,  67.168,   0.000,  32.832
 55,  18,   0.000,  25.120,   0.000,  74.880
 55,  19,  16.131,   5.025,   0.000,  78.844
 46,   1,   0.000,  10.000,   0.000,  90.000
 46,   2,   0.672,   2.607,   0.000,  96.721
 46,   3,   0.240,   1.036,  15.637,  83.087
 46,   4,   3.907,  59.704,   0.000,  36.389
 46,   5,   0.000,   0.000,   0.000, 100.000
 46,   6,  15.850,   5.024,   0.000,  79.126
 46,   7,   0.000,  44.499,   0.000,  55.501
 46,   8,   0.000,   0.000,   0.000, 100.000
 46,  10,   0.000,  20.000,   0.000,  80.000
 46,  11,  69.231,   0.000,   0.000,  30.769
 46,  12,  11.671,   3.025,   0.000,  85.305
 46,  14,   0.000,  10.000,   0.000,  90.000
 46,  15,   0.000,  10.000,   0.000,  90.000
 46,  16,   0.000,  20.379,   0.000,  79.621
 46,  17,   0.000,  67.168,   0.000,  32.832
 46,  18,   0.000,  25.120,   0.000,  74.880
 46,  19,  15.901,   4.919,   0.000,  79.180
 60,   1,   0.000,   8.302,   0.000,  91.698
 60,   2,   2.347,   0.880,   0.000,  96.773
 60,   3,   0.486,   1.280,  17.635,  80.598
 60,   4,   5.299,  55.187,   0.000,  39.514
 60,   5,   0.000,   0.000,   0.000, 100.000
 60,   6,  15.755,   4.810,   0.000,  79.435
 60,   7,   0.000,  44.500,   0.000,  55.500
 60,   8,   0.000,   0.000,   0.000, 100.000
 60,   9,   0.000,  43.256,   0.000,  56.744
 60,  10,   0.000,  20.000,   0.000,  80.000
 60,  11,  69.231,   0.000,   0.000,  30.769
 60,  12,  16.441,   0.056,   0.000,  83.504
 60,  14,   0.000,   8.302,   0.000,  91.698
 60,  15,   0.000,   8.302,   0.000,  91.698
 60,  16,   0.000,  20.379,   0.000,  79.621
 60,  17,   0.000,  67.168,   0.000,  32.832
 60,  18,   0.000,  25.120,   0.000,  74.880
 60,  19,  15.760,   4.800,   0.000,  79.440
  6,   1,   0.000,   5.000,   0.000,  95.000
  6,   2,   4.932,   0.230,   0.000,  94.838
  6,   3,   0.096,   0.299,  19.500,  80.105
  6,   4,  10.000,  62.500,   0.000,  27.500
  6,   5,   0.000,   0.000,   0.000, 100.000
  6,   6,  15.969,   5.126,   0.000,  78.905
  6,   7,   0.000,  43.824,   0.000,  56.176
  6,   8,   0.000,   0.000,   0.000, 100.000
  6,  10,   0.000,  20.000,   0.000,  80.000
  6,  11,  69.231,   0.000,   0.000,  30.769
  6,  12,  16.365,   0.271,   0.000,  83.364
  6,  14,   0.000,   5.000,   0.000,  95.000
  6,  15,   0.000,   5.000,   0.000,  95.000
  6,  16,   0.000,  20.379,   0.000,  79.621
  6,  17,   0.000,  67.168,   0.000,  32.832
  6,  18,   0.000,  25.120,   0.000,  74.880
  6,  19,  16.034,   4.994,   0.000,  78.972
119,   1,   0.000,   9.222,   0.000,  90.778
119,   2,   2.301,   1.809,   0.000,  95.891
119,   3,   0.219,  17.152,   0.000,  82.628
119,   4,   6.455,  60.694,   0.000,  32.852
119,   5,   0.000,   0.000,   0.000, 100.000
119,   6,   3.878,  29.343,   0.000,  66.779
119,   7,   0.000,  43.555,   0.000,  56.445
119,   8,   0.000,   0.000,   0.000, 100.000
119,   9,   0.000,  34.886,   0.000,  65.114
119,  10,   0.000,  20.000,   0.000,  80.000
119,  11,  69.231,   0.000,   0.000,  30.769
119,  12,  10.024,   3.690,   0.000,  86.286
119,  14,   0.000,   9.222,   0.000,  90.778
119,  15,   0.000,   9.222,   0.000,  90.778
119,  16,   0.000,  20.379,   0.000,  79.621
119,  17,   0.000,  67.168,   0.000,  32.832
119,  18,   0.000,  25.120,   0.000,  74.880
119,  19,  15.511,   4.705,   0.000,  79.784
237,   1,   0.000,   9.222,   0.000,  90.778
237,   2,   2.301,   1.809,   0.000,  95.891
237,   3,   0.219,  17.152,   0.000,  82.628
237,   4,   6.455,  60.694,   0.000,  32.852
237,   5,   0.000,   0.000,   0.000, 100.000
237,   6,   3.878,  29.343,   0.000,  66.779
237,   7,   0.000,  43.541,   0.000,  56.459
237,   8,   0.000,   0.000,   0.000, 100.000
237,   9,   0.000,  34.886,   0.000,  65.114
237,  10,   0.000,  20.000,   0.000,  80.000
237,  11,  69.231,   0.000,   0.000,  30.769
237,  12,  10.024,   3.690,   0.000,  86.286
237,  14,   0.000,   9.222,   0.000,  90.778
237,  15,   0.000,   9.222,   0.000,  90.778
237,  16,   0.000,  20.379,   0.000,  79.621
237,  17,   0.000,  67.168,   0.000,  32.832
237,  18,   0.000,  25.120,   0.000,  74.880
237,  19,  15.511,   4.705,   0.000,  79.784
504,   7,  47.478,  23.101,   0.000,  29.421
 22,   1,   0.000,  10.000,   0.000,  90.000
 22,   2,   3.442,   0.681,   0.000,  95.877
 22,   3,   0.165,   0.477,  18.894,  80.464
 22,   4,   9.332,  63.669,   0.000,  26.999
 22,   5,   0.000,   0.000,   0.000, 100.000
 22,   6,  16.006,   4.964,   0.000,  79.030
 22,   7,   0.000,  43.432,   0.000,  56.568
 22,   8,   0.000,   0.000,   0.000, 100.000
 22,   9,   0.000,  42.860,   0.000,  57.140
 22,  10,   0.000,  20.000,   0.000,  80.000
 22,  11,  69.231,   0.000,   0.000,  30.769
 22,  12,   8.680,   7.228,   0.000,  84.092
 22,  14,   0.000,  10.000,   0.000,  90.000
 22,  15,   0.000,  10.000,   0.000,  90.000
 22,  16,   0.000,  20.379,   0.000,  79.621
 22,  17,   0.000,  67.168,   0.000,  32.832
 22,  18,   0.000,  30.000,   0.000,  70.000
 22,  19,  16.018,   4.939,   0.000,  79.043
 43,   1,   0.000,   8.333,   0.000,  91.667
 43,   2,   2.575,   0.318,   0.000,  97.107
 43,   3,   0.019,   0.219,  18.798,  80.964
 43,   4,   4.778,  53.362,   0.000,  41.859
 43,   5,   0.000,   0.000,   0.000, 100.000
 43,   6,  15.270,   5.698,   0.000,  79.033
 43,   7,   0.000,  44.500,   0.000,  55.500
 43,   8,   0.000,   0.000,   0.000, 100.000
 43,   9,   0.000,  49.000,   0.000,  51.000
 43,  10,   0.000,  20.000,   0.000,  80.000
 43,  11,  69.231,   0.000,   0.000,  30.769
 43,  12,   8.245,   2.399,   0.000,  89.356
 43,  14,   0.000,   8.333,   0.000,  91.667
 43,  15,   0.000,   8.333,   0.000,  91.667
 43,  16,   0.000,  20.379,   0.000,  79.621
 43,  17,   0.000,  67.168,   0.000,  32.832
 43,  18,   0.000,  25.120,   0.000,  74.880
 43,  19,  15.630,   4.947,   0.000,  79.423
  7,   1,   0.000,   9.231,   0.000,  90.769
  7,   2,   1.691,   0.486,   0.000,  97.824
  7,   3,   0.033,   0.252,  24.754,  74.962
  7,   4,   3.737,  51.540,   0.000,  44.722
  7,   5,   0.000,   0.000,   0.000, 100.000
  7,   6,  11.021,   5.000,   0.000,  83.979
  7,   7,   0.000,  41.064,   0.000,  58.936
  7,   8,   0.000,   0.000,   0.000, 100.000
  7,   9,   0.000,  34.358,   0.000,  65.642
  7,  10,   0.000,  20.000,   0.000,  80.000
  7,  11,  69.231,   0.000,   0.000,  30.769
  7,  12,  11.516,   0.013,   0.000,  88.471
  7,  14,   0.000,   9.231,   0.000,  90.769
  7,  15,   0.000,   9.231,   0.000,  90.769
  7,  16,   0.000,  20.379,   0.000,  79.621
  7,  17,   0.000,  67.168,   0.000,  32.832
  7,  18,   0.000,  25.120,   0.000,  74.880
  7,  19,  11.437,   2.790,   0.000,  85.773
  8,   1,   0.000,   9.773,   0.000,  90.227
  8,   2,   0.571,   0.142,   0.000,  99.286
  8,   3,   0.023,   0.379,  16.547,  83.050
  8,   4,   9.944,  62.598,   0.000,  27.458
  8,   5,   0.000,   0.000,   0.000, 100.000
  8,   6,  16.350,   5.106,   0.000,  78.544
  8,   7,   0.000,  43.562,   0.000,  56.438
  8,   8,   0.000,   0.000,   0.000, 100.000
  8,   9,   0.000,  40.301,   0.000,  59.699
  8,  10,   0.000,  20.000,   0.000,  80.000
  8,  11,  69.231,   0.000,   0.000,  30.769
  8,  12,  14.677,   0.445,   0.000,  84.878
  8,  14,   0.000,   9.773,   0.000,  90.227
  8,  15,   0.000,   9.773,   0.000,  90.227
  8,  16,   0.000,  20.379,   0.000,  79.621
  8,  17,   0.000,  67.168,   0.000,  32.832
  8,  18,   0.000,  30.000,   0.000,  70.000
  8,  19,  16.357,   5.091,   0.000,  78.552
 27,   1,   0.000,   8.302,   0.000,  91.698
 27,   2,   2.347,   0.880,   0.000,  96.773
 27,   3,   0.649,   6.360,  11.897,  81.093
 27,   4,   5.299,  55.187,   0.000,  39.514
 27,   5,   0.000,   0.000,   0.000, 100.000
 27,   6,  15.016,   7.641,   0.000,  77.343
 27,   7,   0.000,  44.501,   0.000,  55.499
 27,   8,   0.000,   0.000,   0.000, 100.000
 27,   9,   0.000,  43.256,   0.000,  56.744
 27,  10,   0.000,  20.000,   0.000,  80.000
 27,  11,  69.231,   0.000,   0.000,  30.769
 27,  12,  16.441,   0.056,   0.000,  83.504
 27,  14,   0.000,   8.302,   0.000,  91.698
 27,  15,   0.000,   8.302,   0.000,  91.698
 27,  16,   0.000,  20.379,   0.000,  79.621
 27,  17,   0.000,  67.168,   0.000,  32.832
 27,  18,   0.000,  25.121,   0.000,  74.879
 27,  19,  15.760,   4.800,   0.000,  79.440
 54,   1,   0.000,   9.222,   0.000,  90.778
 54,   2,   2.301,   1.809,   0.000,  95.891
 54,   3,   0.000,  18.271,   0.000,  81.729
 54,   4,   6.455,  60.693,   0.000,  32.851
 54,   5,   0.000,   0.000,   0.000, 100.000
 54,   7,   0.000,  43.495,   0.000,  56.505
 54,   8,   0.000,   0.000,   0.000, 100.000
 54,   9,   0.000,  34.871,   0.000,  65.129
 54,  10,   0.000,  20.000,   0.000,  80.000
 54,  11,  69.231,   0.000,   0.000,  30.769
 54,  12,  10.024,   3.690,   0.000,  86.286
 54,  14,   0.000,   9.222,   0.000,  90.778
 54,  15,   0.000,   9.222,   0.000,  90.778
 11,   1,   0.000,   9.222,   0.000,  90.778
 11,   2,   5.228,   0.392,   0.000,  94.380
 11,   3,   0.000,   0.062,  17.519,  82.419
 11,   4,   0.878,  46.537,   0.000,  52.585
 11,   5,   0.000,   0.000,   0.000, 100.000
 11,   6,  16.053,   5.061,   0.000,  78.885
 11,   7,   0.000,  41.898,   0.000,  58.102
 11,   8,   0.000,   0.000,   0.000, 100.000
 11,   9,   0.000,  24.684,   0.000,  75.316
 11,  10,   0.000,  20.000,   0.000,  80.000
 11,  11,  69.231,   0.000,   0.000,  30.769
 11,  12,   9.939,   5.698,   0.000,  84.362
 11,  14,   0.000,   9.222,   0.000,  90.778
 11,  15,   0.000,   9.222,   0.000,  90.778
 11,  16,   0.000,  20.379,   0.000,  79.621
 11,  17,   0.000,  67.168,   0.000,  32.832
 11,  18,   0.000,  25.120,   0.000,  74.880
 11,  19,  16.081,   5.005,   0.000,  78.914
601,   1,   0.000,   9.222,   0.000,  90.778
601,   2,   2.301,   1.809,   0.000,  95.890
601,   3,   0.219,  17.152,   0.000,  82.629
601,   4,   6.455,  60.693,   0.000,  32.852
601,   5,   0.000,   0.000,   0.000, 100.000
601,   6,   3.878,  29.343,   0.000,  66.779
601,   7,   0.000,  43.508,   0.000,  56.492
601,   8,   0.000,   0.000,   0.000, 100.000
601,   9,   0.000,  34.886,   0.000,  65.114
601,  10,   0.000,  20.000,   0.000,  80.000
601,  12,  10.024,   3.690,   0.000,  86.286
601,  14,   0.000,   9.222,   0.000,  90.778
601,  15,   0.000,   9.222,   0.000,  90.778
601,  16,   0.000,  20.379,   0.000,  79.621
601,  17,   0.000,  67.168,   0.000,  32.832
601,  18,   0.000,  25.120,   0.000,  74.880
601,  19,  15.511,   4.705,   0.000,  79.784
501,   7,  22.450,  11.725,   0.000,  65.825
 49,   1,   0.000,  10.000,   0.000,  90.000
 49,   2,   3.416,   0.384,   0.000,  96.201
 49,   3,   0.012,   0.062,  18.681,  81.246
 49,   4,  10.000,  62.500,   0.000,  27.500
 49,   5,   0.000,   0.000,   0.000, 100.000
 49,   6,  15.946,   5.182,   0.000,  78.872
 49,   7,   0.000,  44.499,   0.000,  55.501
 49,   8,   0.000,   0.000,   0.000, 100.000
 49,   9,   0.000,  46.861,   0.000,  53.139
 49,  10,   0.000,  20.000,   0.000,  80.000
 49,  11,  69.231,   0.000,   0.000,  30.769
 49,  12,   9.547,   4.642,   0.000,  85.811
 49,  14,   0.000,  10.000,   0.000,  90.000
 49,  15,   0.000,  10.000,   0.000,  90.000
 49,  16,   0.000,  20.379,   0.000,  79.621
 49,  17,   0.000,  60.000,   0.000,  40.000
 49,  18,   0.000,  25.120,   0.000,  74.880
 49,  19,  16.078,   4.933,   0.000,  78.989
 12,   1,   0.000,  10.000,   0.000,  90.000
 12,   2,   3.689,   1.009,   0.000,  95.303
 12,   3,   0.024,   0.956,  17.107,  81.914
 12,   4,   7.230,  57.652,   0.000,  35.118
 12,   5,   0.000,   0.000,   0.000, 100.000
 12,   6,  15.935,   5.102,   0.000,  78.963
 12,   7,   0.000,  44.500,   0.000,  55.500
 12,   8,   0.000,   0.000,   0.000, 100.000
 12,   9,   0.000,  44.545,   0.000,  55.455
 12,  10,   0.000,  20.000,   0.000,  80.000
 12,  11,  69.231,   0.000,   0.000,  30.769
 12,  12,  14.138,   0.573,   0.000,  85.289
 12,  14,   0.000,  10.000,   0.000,  90.000
 12,  15,   0.000,  10.000,   0.000,  90.000
 12,  16,   0.000,  20.379,   0.000,  79.621
 12,  17,   0.000,  67.168,   0.000,  32.832
 12,  18,   0.000,  30.000,   0.000,  70.000
 12,  19,  15.995,   4.973,   0.000,  79.032
505,   7,  22.450,  11.725,   0.000,  65.825
 14,   1,   0.000,  10.000,   0.000,  90.000
 14,   2,   8.527,   0.387,   0.000,  91.086
 14,   3,   0.000,  17.091,   8.089,  74.821
 14,   4,   8.358,  59.627,   0.000,  32.015
 14,   5,   0.000,   0.000,   0.000, 100.000
 14,   6,  15.891,   5.008,   0.000,  79.102
 14,   7,   0.000,  44.500,   0.000,  55.500
 14,   8,   0.000,   0.000,   0.000, 100.000
 14,   9,   0.000,  49.100,   0.000,  50.900
 14,  10,   0.000,  20.000,   0.000,  80.000
 14,  11,  69.231,   0.000,   0.000,  30.769
 14,  12,  20.179,   2.143,   0.000,  77.679
 14,  14,   0.000,  10.000,   0.000,  90.000
 14,  15,   0.000,  10.000,   0.000,  90.000
 14,  16,   0.000,  20.379,   0.000,  79.621
 14,  17,   0.000,  67.168,   0.000,  32.832
 14,  18,   0.000,  25.120,   0.000,  74.880
 14,  19,  15.957,   4.871,   0.000,  79.171
250,   1,   0.000,   9.222,   0.000,  90.778
250,   2,   2.301,   1.809,   0.000,  95.891
250,   3,   0.219,  17.152,   0.000,  82.628
250,   4,   6.455,  60.694,   0.000,  32.852
250,   5,   0.000,   0.000,   0.000, 100.000
250,   8,   0.000,   0.000,   0.000, 100.000
250,   9,   0.000,  34.885,   0.000,  65.115
250,  10,   0.000,  20.000,   0.000,  80.000
250,  11,  69.231,   0.000,   0.000,  30.769
250,  12,  10.024,   3.690,   0.000,  86.286
250,  14,   0.000,   9.222,   0.000,  90.778
250,  15,   0.000,   9.222,   0.000,  90.778
110,   1,   0.000,   9.222,   0.000,  90.778
110,   2,   2.301,   1.809,   0.000,  95.891
110,   3,   0.219,  17.152,   0.000,  82.628
110,   4,   6.455,  60.694,   0.000,  32.852
110,   5,   0.000,   0.000,   0.000, 100.000
110,   7,   0.000,  43.540,   0.000,  56.460
110,   8,   0.000,   0.000,   0.000, 100.000
110,   9,   0.000,  34.859,   0.000,  65.141
110,  10,   0.000,  20.000,   0.000,  80.000
110,  11,  69.231,   0.000,   0.000,  30.769
110,  12,  10.024,   3.690,   0.000,  86.286
110,  14,   0.000,   9.222,   0.000,  90.778
110,  15,   0.000,   9.222,   0.000,  90.778
 13,   1,   0.000,   9.222,   0.000,  90.778
 13,   2,  18.588,   0.008,   0.000,  81.404
 13,   3,   0.000,  50.386,   0.000,  49.614
 13,   4,   6.455,  60.693,   0.000,  32.852
 13,   5,   0.000,   0.000,   0.000, 100.000
 13,   6,   0.611,  53.841,   0.000,  45.547
 13,   7,   0.000,  44.500,   0.000,  55.500
 13,   8,   0.000,   0.000,   0.000, 100.000
 13,   9,   0.000,  51.500,   0.000,  48.500
 13,  10,   0.000,  20.000,   0.000,  80.000
 13,  11,  69.231,   0.000,   0.000,  30.769
 13,  12,  10.024,   3.690,   0.000,  86.286
 13,  14,   0.000,   9.222,   0.000,  90.778
 13,  15,   0.000,   9.222,   0.000,  90.778
 13,  16,   0.000,  20.379,   0.000,  79.621
 13,  17,   0.000,  67.168,   0.000,  32.832
 13,  18,   0.000,  25.120,   0.000,  74.880
 13,  19,  16.026,   5.227,   0.000,  78.747
214,   1,   0.000,   9.222,   0.000,  90.778
214,   2,   2.301,   1.809,   0.000,  95.891
214,   3,   0.219,  17.152,   0.000,  82.628
214,   4,   6.455,  60.693,   0.000,  32.852
214,   5,   0.000,   0.000,   0.000, 100.000
214,   6,   3.878,  29.343,   0.000,  66.779
214,   7,   0.000,  43.542,   0.000,  56.458
214,   8,   0.000,   0.000,   0.000, 100.000
214,   9,   0.000,  34.886,   0.000,  65.114
214,  10,   0.000,  20.000,   0.000,  80.000
214,  11,  69.231,   0.000,   0.000,  30.769
214,  12,  10.024,   3.690,   0.000,  86.286
214,  14,   0.000,   9.222,   0.000,  90.778
214,  15,   0.000,   9.222,   0.000,  90.778
214,  16,   0.000,  20.379,   0.000,  79.621
214,  17,   0.000,  67.168,   0.000,  32.832
214,  18,   0.000,  25.120,   0.000,  74.880
214,  19,  15.511,   4.705,   0.000,  79.784
 15,   1,   0.000,   9.326,   0.000,  90.674
 15,   2,   1.679,   0.980,   0.000,  97.342
 15,   3,   0.000,   0.092,  15.281,  84.627
 15,   4,  10.000,  62.500,   0.000,  27.500
 15,   5,   0.000,   0.000,   0.000, 100.000
 15,   6,  16.061,   5.003,   0.000,  78.935
 15,   7,   0.000,  40.947,   0.000,  59.053
 15,   8,   0.000,   0.000,   0.000, 100.000
 15,   9,   0.000,  34.462,   0.000,  65.538
 15,  10,   0.000,  20.000,   0.000,  80.000
 15,  11,  69.231,   0.000,   0.000,  30.769
 15,  12,  14.360,   2.735,   0.000,  82.905
 15,  14,   0.000,   9.326,   0.000,  90.674
 15,  15,   0.000,   9.326,   0.000,  90.674
 15,  16,   0.000,  20.379,   0.000,  79.621
 15,  17,   0.000,  67.168,   0.000,  32.832
 15,  18,   0.000,  30.000,   0.000,  70.000
 15,  19,  16.074,   4.977,   0.000,  78.949
111,   1,   0.000,   9.222,   0.000,  90.778
111,   2,   2.301,   1.809,   0.000,  95.891
111,   3,   0.219,  17.152,   0.000,  82.628
111,   4,   6.455,  60.693,   0.000,  32.852
111,   5,   0.000,   0.000,   0.000, 100.000
111,   6,   3.878,  29.343,   0.000,  66.779
111,   7,   0.000,  43.540,   0.000,  56.460
111,   8,   0.000,   0.000,   0.000, 100.000
111,   9,   0.000,  34.886,   0.000,  65.114
111,  10,   0.000,  20.000,   0.000,  80.000
111,  11,  69.231,   0.000,   0.000,  30.769
111,  12,  10.024,   3.690,   0.000,  86.286
111,  14,   0.000,   9.222,   0.000,  90.778
111,  15,   0.000,   9.222,   0.000,  90.778
111,  16,   0.000,  20.379,   0.000,  79.621
111,  17,   0.000,  67.168,   0.000,  32.832
111,  18,   0.000,  25.120,   0.000,  74.880
111,  19,  15.511,   4.705,   0.000,  79.784
506,   7,  22.450,  11.725,   0.000,  65.825
 53,   1,   0.000,   9.222,   0.000,  90.778
 53,   2,   2.301,   1.809,   0.000,  95.891
 53,   3,   0.219,  17.152,   0.000,  82.628
 53,   4,   6.455,  60.694,   0.000,  32.851
 53,   5,   0.000,   0.000,   0.000, 100.000
 53,   6,   3.878,  29.343,   0.000,  66.779
 53,   7,   0.000,  43.540,   0.000,  56.460
 53,   8,   0.000,   0.000,   0.000, 100.000
 53,   9,   0.000,  34.877,   0.000,  65.123
 53,  10,   0.000,  20.000,   0.000,  80.000
 53,  11,  69.231,   0.000,   0.000,  30.769
 53,  12,  10.024,   3.690,   0.000,  86.286
 53,  14,   0.000,   9.222,   0.000,  90.778
 53,  15,   0.000,   9.222,   0.000,  90.778
 53,  16,   0.000,  20.379,   0.000,  79.621
 53,  17,   0.000,  67.168,   0.000,  32.832
 53,  18,   0.000,  25.120,   0.000,  74.880
 53,  19,  15.511,   4.705,   0.000,  79.784
373,   1,   0.000,   9.222,   0.000,  90.778
373,   2,   0.614,   0.077,   0.000,  99.308
373,   3,   0.219,   0.000,  17.152,  82.628
373,   4,   6.455,  60.693,   0.000,  32.852
373,   5,   0.000,   0.000,   0.000, 100.000
373,   6,  14.854,   6.323,   0.000,  78.823
373,   7,   0.000,  43.540,   0.000,  56.460
373,   8,   0.000,   0.000,   0.000, 100.000
373,   9,   0.000,  46.125,   0.000,  53.875
373,  10,   0.000,  20.000,   0.000,  80.000
373,  11,  69.231,   0.000,   0.000,  30.769
373,  12,   5.399,   5.962,   0.000,  88.639
373,  14,   0.000,   9.222,   0.000,  90.778
373,  15,   0.000,   9.222,   0.000,  90.778
373,  16,   0.000,  30.000,   0.000,  70.000
373,  17,   0.000,  60.000,   0.000,  40.000
373,  18,   0.000,  25.120,   0.000,  74.880
373,  19,  15.415,   4.910,   0.000,  79.676
112,   1,   0.000,   9.222,   0.000,  90.778
112,   2,   2.301,   1.809,   0.000,  95.890
112,   3,   0.218,  17.155,   0.000,  82.627
112,   4,   6.455,  60.693,   0.000,  32.852
112,   5,   0.000,   0.000,   0.000, 100.000
112,   6,   3.878,  29.343,   0.000,  66.779
112,   7,   0.000,  43.540,   0.000,  56.460
112,   8,   0.000,   0.000,   0.000, 100.000
112,   9,   0.000,  34.886,   0.000,  65.114
112,  10,   0.000,  20.000,   0.000,  80.000
112,  11,  69.231,   0.000,   0.000,  30.769
112,  12,  10.024,   3.690,   0.000,  86.287
112,  14,   0.000,   9.222,   0.000,  90.778
112,  15,   0.000,   9.222,   0.000,  90.778
112,  16,   0.000,  20.379,   0.000,  79.621
112,  17,   0.000,  67.168,   0.000,  32.832
112,  18,   0.000,  25.120,   0.000,  74.880
112,  19,  15.511,   4.705,   0.000,  79.784
113,   1,   0.000,   9.222,   0.000,  90.778
113,   2,   2.301,   1.809,   0.000,  95.891
113,   3,   0.219,  17.152,   0.000,  82.628
113,   4,   6.455,  60.693,   0.000,  32.852
113,   5,   0.000,   0.000,   0.000, 100.000
113,   6,   3.878,  29.343,   0.000,  66.779
113,   7,   0.000,  43.537,   0.000,  56.463
113,   8,   0.000,   0.000,   0.000, 100.000
113,   9,   0.000,  34.886,   0.000,  65.114
113,  10,   0.000,  20.000,   0.000,  80.000
113,  11,  69.231,   0.000,   0.000,  30.769
113,  12,  10.024,   3.690,   0.000,  86.286
113,  14,   0.000,   9.222,   0.000,  90.778
113,  15,   0.000,   9.222,   0.000,  90.778
113,  16,   0.000,  20.379,   0.000,  79.621
113,  17,   0.000,  67.168,   0.000,  32.832
113,  18,   0.000,  25.120,   0.000,  74.880
113,  19,  15.511,   4.705,   0.000,  79.784
114,   1,   0.000,   9.222,   0.000,  90.778
114,   2,   2.301,   1.809,   0.000,  95.891
114,   3,   0.219,  17.152,   0.000,  82.628
114,   4,   6.455,  60.694,   0.000,  32.852
114,   5,   0.000,   0.000,   0.000, 100.000
114,   6,   3.878,  29.343,   0.000,  66.779
114,   7,   0.000,  43.418,   0.000,  56.582
114,   8,   0.000,   0.000,   0.000, 100.000
114,  10,   0.000,  20.000,   0.000,  80.000
114,  11,  69.231,   0.000,   0.000,  30.769
114,  12,  10.024,   3.690,   0.000,  86.286
114,  14,   0.000,   9.222,   0.000,  90.778
114,  15,   0.000,   9.222,   0.000,  90.778
114,  16,   0.000,  20.379,   0.000,  79.621
114,  17,   0.000,  67.168,   0.000,  32.832
114,  18,   0.000,  25.120,   0.000,  74.880
114,  19,  15.511,   4.705,   0.000,  79.784
 45,   1,   0.000,  10.000,   0.000,  90.000
 45,   2,   3.882,   0.323,   0.000,  95.795
 45,   3,   0.501,   0.821,  15.000,  83.678
 45,   4,  10.000,  62.500,   0.000,  27.500
 45,   5,   0.000,   0.000,   0.000, 100.000
 45,   6,  14.289,  10.584,   0.000,  75.127
 45,   7,   0.000,  44.500,   0.000,  55.500
 45,   8,   0.000,   0.000,   0.000, 100.000
 45,   9,   0.000,  45.385,   0.000,  54.615
 45,  10,   0.000,  20.000,   0.000,  80.000
 45,  11,  69.231,   0.000,   0.000,  30.769
 45,  12,   8.254,   3.129,   0.000,  88.617
 45,  14,   0.000,  10.000,   0.000,  90.000
 45,  15,   0.000,  10.000,   0.000,  90.000
 45,  16,   0.000,  20.377,   0.000,  79.623
 45,  17,   0.000,  67.168,   0.000,  32.832
 45,  18,   0.000,  25.119,   0.000,  74.881
 45,  19,  15.742,   4.917,   0.000,  79.341
 16,   1,   0.000,   9.222,   0.000,  90.778
 16,   2,   2.320,   0.589,   0.000,  97.091
 16,   3,   0.000,   0.352,  20.555,  79.093
 16,   4,  10.000,  62.500,   0.000,  27.500
 16,   5,   0.000,   0.000,   0.000, 100.000
 16,   6,  15.598,   5.709,   0.000,  78.692
 16,   7,   0.000,  44.500,   0.000,  55.500
 16,   8,   0.000,   0.000,   0.000, 100.000
 16,   9,   0.000,  51.500,   0.000,  48.500
 16,  10,   0.000,  20.000,   0.000,  80.000
 16,  11,  69.231,   0.000,   0.000,  30.769
 16,  12,  73.077,   0.000,   0.000,  26.923
 16,  14,   0.000,   9.222,   0.000,  90.778
 16,  15,   0.000,   9.222,   0.000,  90.778
 16,  16,   0.000,  20.379,   0.000,  79.621
 16,  17,   0.000,  72.000,   0.000,  28.000
 16,  18,   0.000,  25.120,   0.000,  74.880
 16,  19,  15.966,   4.921,   0.000,  79.113
 44,   1,   0.000,  10.000,   0.000,  90.000
 44,   2,   4.858,   0.391,   0.000,  94.751
 44,   3,   0.153,   0.399,  15.544,  83.904
 44,   4,  10.000,  62.500,   0.000,  27.500
 44,   5,   0.000,   0.000,   0.000, 100.000
 44,   6,  15.452,   5.385,   0.000,  79.163
 44,   7,   0.000,  44.500,   0.000,  55.500
 44,   8,   0.000,   0.000,   0.000, 100.000
 44,   9,   0.000,  45.385,   0.000,  54.615
 44,  10,   0.000,  19.998,   0.000,  80.002
 44,  11,  69.231,   0.000,   0.000,  30.769
 44,  12,   8.116,   2.018,   0.000,  89.866
 44,  14,   0.000,  10.000,   0.000,  90.000
 44,  15,   0.000,  10.000,   0.000,  90.000
 44,  16,   0.000,  20.379,   0.000,  79.621
 44,  17,   0.000,  67.168,   0.000,  32.832
 44,  18,   0.000,  25.120,   0.000,  74.880
 44,  19,  15.665,   4.942,   0.000,  79.393
115,   1,   0.000,   9.222,   0.000,  90.778
115,   2,   2.301,   1.809,   0.000,  95.891
115,   3,   0.219,  17.152,   0.000,  82.628
115,   4,   6.455,  60.693,   0.000,  32.852
115,   5,   0.000,   0.000,   0.000, 100.000
115,   6,   3.878,  29.343,   0.000,  66.779
115,   7,   0.000,  43.465,   0.000,  56.535
115,   8,   0.000,   0.000,   0.000, 100.000
115,   9,   0.000,  34.892,   0.000,  65.108
115,  10,   0.000,  20.000,   0.000,  80.000
115,  11,  69.231,   0.000,   0.000,  30.769
115,  12,  10.024,   3.690,   0.000,  86.286
115,  14,   0.000,   9.222,   0.000,  90.778
115,  15,   0.000,   9.222,   0.000,  90.778
115,  16,   0.000,  20.379,   0.000,  79.621
115,  17,   0.000,  67.168,   0.000,  32.832
115,  18,   0.000,  25.120,   0.000,  74.880
115,  19,  15.511,   4.705,   0.000,  79.784
 41,   1,   0.000,   7.500,   0.000,  92.500
 41,   2,   5.479,   0.194,   0.000,  94.326
 41,   3,   0.000,   0.052,  18.433,  81.515
 41,   4,  10.000,  62.500,   0.000,  27.500
 41,   5,   0.000,   0.000,   0.000, 100.000
 41,   6,  14.941,   6.532,   0.000,  78.527
 41,   7,   0.000,  44.500,   0.000,  55.500
 41,   8,   0.000,   0.000,   0.000, 100.000
 41,   9,   0.000,  48.500,   0.000,  51.500
 41,  10,   0.000,  20.000,   0.000,  80.000
 41,  11,  69.231,   0.000,   0.000,  30.769
 41,  12,   9.019,   4.694,   0.000,  86.287
 41,  14,   0.000,   7.500,   0.000,  92.500
 41,  15,   0.000,   7.500,   0.000,  92.500
 41,  16,   0.000,  20.379,   0.000,  79.621
 41,  17,   0.000,  60.000,   0.000,  40.000
 41,  18,   0.000,  25.120,   0.000,  74.880
 41,  19,  15.543,   4.976,   0.000,  79.480
 33,   7,  22.450,  11.725,   0.000,  65.825
 52,   1,   0.000,   9.222,   0.000,  90.778
 52,   2,   3.844,   0.208,   0.000,  95.947
 52,   3,   0.000,   0.135,  21.004,  78.861
 52,   4,   0.000,  45.000,   0.000,  55.000
 52,   5,   0.000,   0.000,   0.000, 100.000
 52,   6,  15.897,   5.855,   0.000,  78.249
 52,   7,   0.000,  44.500,   0.000,  55.500
 52,   8,   0.000,   0.000,   0.000, 100.000
 52,   9,   0.000,  34.886,   0.000,  65.114
 52,  10,   0.000,  20.000,   0.000,  80.000
 52,  11,  69.231,   0.000,   0.000,  30.769
 52,  12,   8.994,   4.286,   0.000,  86.721
 52,  14,   0.000,   9.222,   0.000,  90.778
 52,  15,   0.000,   9.222,   0.000,  90.778
 52,  16,   0.000,  20.379,   0.000,  79.621
 52,  17,   0.000,  60.000,   0.000,  40.000
 52,  18,   0.000,  25.120,   0.000,  74.880
 52,  19,  16.315,   5.083,   0.000,  78.602
 57,   1,   0.000,   9.222,   0.000,  90.778
 57,   2,   7.111,   0.149,   0.000,  92.740
 57,   3,   0.000,   0.162,  15.833,  84.006
 57,   4,   6.455,  60.693,   0.000,  32.852
 57,   5,   0.000,   0.000,   0.000, 100.000
 57,   6,  15.290,   6.443,   0.000,  78.267
 57,   7,   0.000,  43.540,   0.000,  56.460
 57,   8,   0.000,   0.000,   0.000, 100.000
 57,   9,   0.000,  34.886,   0.000,  65.114
 57,  10,   0.000,  20.000,   0.000,  80.000
 57,  11,  69.231,   0.000,   0.000,  30.769
 57,  12,   0.000,  20.000,   0.000,  80.000
 57,  14,   0.000,   9.222,   0.000,  90.778
 57,  15,   0.000,   9.222,   0.000,  90.778
 57,  16,   0.000,  20.379,   0.000,  79.621
 57,  17,   0.000,  67.168,   0.000,  32.832
 57,  18,   0.000,  25.120,   0.000,  74.880
 57,  19,  16.081,   4.834,   0.000,  79.085
 73,   1,   0.000,   9.222,   0.000,  90.778
 73,   2,   2.500,   0.008,   0.000,  97.492
 73,   3,   0.219,   0.211,  16.942,  82.628
 73,   4,   6.455,  60.693,   0.000,  32.852
 73,   5,   0.000,   0.000,   0.000, 100.000
 73,   6,  15.231,   7.310,   0.000,  77.459
 73,   7,   0.000,  43.540,   0.000,  56.460
 73,   8,   0.000,   0.000,   0.000, 100.000
 73,   9,   0.000,  34.886,   0.000,  65.114
 73,  10,   0.000,  20.000,   0.000,  80.000
 73,  11,  69.231,   0.000,   0.000,  30.769
 73,  12,   5.396,   5.970,   0.000,  88.634
 73,  14,   0.000,   9.222,   0.000,  90.778
 73,  15,   0.000,   9.222,   0.000,  90.778
 73,  16,   0.000,  20.379,   0.000,  79.621
 73,  17,   0.000,  60.000,   0.000,  40.000
 73,  18,   0.000,  25.120,   0.000,  74.880
 73,  19,  16.294,   5.366,   0.000,  78.339
 17,   1,   0.000,   9.773,   0.000,  90.227
 17,   2,   3.408,   0.634,   0.000,  95.957
 17,   3,   0.143,   0.201,  18.485,  81.171
 17,   4,  10.000,  62.500,   0.000,  27.500
 17,   5,   0.000,   0.000,   0.000, 100.000
 17,   6,  16.075,   5.008,   0.000,  78.918
 17,   7,   0.000,  44.500,   0.000,  55.500
 17,   8,   0.000,   0.000,   0.000, 100.000
 17,   9,   0.000,  41.338,   0.000,  58.662
 17,  10,   0.000,  20.000,   0.000,  80.000
 17,  11,  69.231,   0.000,   0.000,  30.769
 17,  12,  38.062,   0.281,   0.000,  61.656
 17,  14,   0.000,   9.773,   0.000,  90.227
 17,  15,   0.000,   9.773,   0.000,  90.227
 17,  16,   0.000,  20.379,   0.000,  79.621
 17,  17,   0.000,  67.168,   0.000,  32.832
 17,  18,   0.000,  25.120,   0.000,  74.880
 17,  19,  16.098,   4.961,   0.000,  78.942
 18,   1,   0.000,   9.722,   0.000,  90.278
 18,   2,   4.877,   0.341,   0.000,  94.783
 18,   3,   0.000,   0.049,  15.142,  84.809
 18,   4,   9.371,  63.601,   0.000,  27.028
 18,   5,   0.000,   0.000,   0.000, 100.000
 18,   6,  12.768,   5.448,   0.000,  81.783
 18,   7,   0.000,  39.831,   0.000,  60.169
 18,   8,   0.000,   0.000,   0.000, 100.000
 18,   9,   0.000,  48.444,   0.000,  51.556
 18,  10,   0.000,  20.000,   0.000,  80.000
 18,  11,  69.231,   0.000,   0.000,  30.769
 18,  12,  13.327,   1.541,   0.000,  85.133
 18,  14,   0.000,   9.722,   0.000,  90.278
 18,  15,   0.000,   9.722,   0.000,  90.278
 18,  16,   0.000,  30.000,   0.000,  70.000
 18,  17,   0.000,  67.168,   0.000,  32.832
 18,  18,   0.000,  25.120,   0.000,  74.880
 18,  19,  13.165,   3.613,   0.000,  83.222
 31,   7,  47.478,  23.101,   0.000,  29.421
503,   7,  22.450,  11.725,   0.000,  65.825
 19,   1,   0.000,  10.000,   0.000,  90.000
 19,   2,   3.103,   2.216,   0.000,  94.681
 19,   3,   1.035,   6.188,   5.699,  87.078
 19,   4,   7.402,  63.091,   0.000,  29.506
 19,   5,   0.000,   0.000,   0.000, 100.000
 19,   6,   0.009,  65.431,   0.000,  34.561
 19,   7,   0.000,  44.149,   0.000,  55.851
 19,   8,   0.000,   0.000,   0.000, 100.000
 19,   9,   0.000,  32.565,   0.000,  67.435
 19,  10,   0.000,  20.000,   0.000,  80.000
 19,  11,  69.231,   0.000,   0.000,  30.769
 19,  12,  10.997,   1.010,   0.000,  87.993
 19,  14,   0.000,  10.000,   0.000,  90.000
 19,  15,   0.000,  10.000,   0.000,  90.000
 19,  16,   0.000,  20.379,   0.000,  79.621
 19,  17,   0.000,  67.168,   0.000,  32.832
 19,  18,   0.000,  30.000,   0.000,  70.000
 19,  19,  16.024,   4.937,   0.000,  79.039
 20,   1,   0.000,   9.524,   0.000,  90.476
 20,   2,   0.809,   0.035,   0.000,  99.156
 20,   3,   0.000,   0.114,  19.896,  79.989
 20,   4,  10.000,  62.500,   0.000,  27.500
 20,   5,   0.000,   0.000,   0.000, 100.000
 20,   6,   0.023,  64.499,   0.000,  35.477
 20,   7,   0.000,  42.630,   0.000,  57.370
 20,   8,   0.000,   0.000,   0.000, 100.000
 20,   9,   0.000,  32.654,   0.000,  67.346
 20,  10,   0.000,  20.000,   0.000,  80.000
 20,  11,  69.231,   0.000,   0.000,  30.769
 20,  12,  10.536,   5.828,   0.000,  83.636
 20,  14,   0.000,   9.524,   0.000,  90.476
 20,  15,   0.000,   9.524,   0.000,  90.476
 20,  16,   0.000,  20.379,   0.000,  79.621
 20,  17,   0.000,  67.168,   0.000,  32.832
 20,  18,   0.000,  25.120,   0.000,  74.880
 20,  19,  16.198,   5.042,   0.000,  78.760
116,   1,   0.000,   9.222,   0.000,  90.778
116,   2,   2.301,   1.809,   0.000,  95.891
116,   3,   0.219,  17.152,   0.000,  82.628
116,   4,   6.455,  60.694,   0.000,  32.852
116,   5,   0.000,   0.000,   0.000, 100.000
116,   6,   3.878,  29.343,   0.000,  66.779
116,   8,   0.000,   0.000,   0.000, 100.000
116,   9,   0.000,  34.886,   0.000,  65.114
116,  10,   0.000,  20.000,   0.000,  80.000
116,  11,  69.231,   0.000,   0.000,  30.769
116,  12,  10.024,   3.690,   0.000,  86.286
116,  14,   0.000,   9.222,   0.000,  90.778
116,  15,   0.000,   9.222,   0.000,  90.778
116,  16,   0.000,  20.379,   0.000,  79.621
116,  17,   0.000,  67.168,   0.000,  32.832
116,  18,   0.000,  25.120,   0.000,  74.880
116,  19,  15.511,   4.705,   0.000,  79.784
507,   7,  22.450,  11.725,   0.000,  65.825
