# PPMcoarse splits 
# Data based on information from TNO July 2018 -- this is the split file for scenario 1 (2011) with SNAP 2 split based on sector 21 and 22 data from Wood_combustion_paper_PM_split_information.xls (v3)
# Key-word, MASS_ASSUMED= 0 by default,
# change when emissions have artificial mass, e.g. 46 for NOx as NO2
# Biomass burning emissions, IE_BB = 101 (not used here)
# : MASS_ASSUMED 0
99  99  POM_C_FFUEL  POM_C_WOOD  EC_C_FFUEL  EC_C_WOOD  PSO4C  REMPPM_C  #HEADERS
#DATA                
1  1  0.881174537  0  12.17193247  0  0  86.94689299  
1  2  0.005108555  0  2.357695311  14.8387571  0  82.79843903  
1  3  5.31590279  0  4.542831314  0  0  90.1412659  
1  5  0  0  45  0  0  55  
1  6  0  0  0  0  0  100  
1  7  15.44025388  0  7.700040679  0  0  76.85970545  
1  8  0.003789502  0  44.36915115  0  0  55.62705935  
1  9  0  0  20  0  0  80  
1  10  37.01501743  0  2.702190345  0  0  60.28279223  
56  1  0.96912304  0  10.26705539  0  0  88.76382157  
56  2  0.005009545  0  0.200164982  17.6576496  0  82.13717588  
56  3  3.350689026  0  7.056170728  0  0  89.59314025  
56  5  0  0  59.53174517  0  0  40.46825483  
56  6  0  0  0  0  0  100  
56  7  15.47462753  0  4.776549851  0  0  79.74882262  
56  8  0.001251104  0  38.80750182  0  0  61.19124708  
56  9  0  0  20  0  0  80  
56  10  35.01722092  0  2.168243073  0  0  62.814536  
32  8  22.4616355  0  11.76960277  0  47.69182248  18.07693925  
2  1  0.186445526  0  11.98583564  0  0  87.82771884  
2  2  0.004815046  0  1.036425456  19.79654466  0  79.16221484  
2  3  1.656608954  0  4.07122717  0  0  94.27216388  
2  5  0  0  45  0  0  55  
2  6  0  0  0  0  0  100  
2  7  16.04193021  0  4.916077399  0  0  79.04199239  
2  8  0  0  40.97415103  0  0  59.02584897  
2  9  0  0  20  0  0  80  
2  10  38.4805251  0  0.052413644  0  0  61.46706126  
69  1  0.96912304  0  10.26705539  0  0  88.76382157  
69  2  0.011336949  0  0.58579464  17.17501209  0  82.22785632  
69  3  3.350689026  0  7.056170728  0  0  89.59314025  
69  5  0  0  59.53174517  0  0  40.46825483  
69  6  0  0  0  0  0  100  
69  7  15.47462753  0  4.776549851  0  0  79.74882262  
69  8  0.001251104  0  38.80750182  0  0  61.19124708  
69  9  0  0  20  0  0  80  
69  10  35.01722092  0  2.168243073  0  0  62.814536  
30  8  36.95201138  0  18.48632018  0  32.04265488  12.51901355  
3  1  0.266622007  0  17.27829599  0  0  82.45508201  
3  2  0.05072986  0  3.695026082  11.24259636  0  85.0116477  
3  3  17.09152214  0  7.354326986  0  0  75.55415088  
3  5  0  0  59.53174517  0  0  40.46825483  
3  6  0  0  0  0  0  100  
3  7  15.98512313  0  4.93951165  0  0  79.07536522  
3  8  0  0  38.13069626  0  0  61.86930374  
3  9  0  0  20  0  0  80  
3  10  59.76022282  0  0.204989004  0  0  40.03478817  
4  1  0.93790242  0  10.69533136  0  0  88.36676622  
4  2  0.031121829  0  1.212335022  12.78315193  0  85.97339122  
4  3  2.770841154  0  7.905239252  0  0  89.32391959  
4  5  0  0  45.03979544  0  0  54.96020456  
4  6  0  0  0  0  0  100  
4  7  15.8063223  0  5.138110973  0  0  79.05556672  
4  8  0  0  44.46134682  0  0  55.53865318  
4  9  0  0  20  0  0  80  
4  10  24.56714652  0  2.756402295  0  0  72.67645118  
50  1  0.999775645  0  9.995532268  0  0  89.00469209  
50  2  3.10757E-08  0  0.27632312  15.23603788  0  84.48763897  
50  3  4.108664659  0  3.543624662  0  0  92.34771068  
50  5  0  0  45  0  0  55  
50  6  0  0  0  0  0  100  
50  7  15.64333841  0  6.854308008  0  0  77.50235358  
50  8  0.04175711  0  46.74109093  0  0  53.21715196  
50  9  0  0  20  0  0  80  
50  10  48.36638835  0  1.509273005  0  0  50.12433864  
39  1  0.812981954  0  9.540966307  0  0  89.64605174  
39  2  0.094376481  0  3.781690619  11.38723734  0  84.73669556  
39  3  3.177306288  0  11.50040935  0  0  85.32228436  
39  5  0  0  80  0  0  20  
39  6  0  0  0  0  0  100  
39  7  15.57778527  0  5.065913751  0  0  79.35630097  
39  8  0.055726005  0  42.09196941  0  0  57.85230458  
39  9  0  0  20  0  0  80  
39  10  31.86460186  0  2.802813536  0  0  65.33258461  
34  8  22.73422607  0  12.81453326  0  46.32886966  18.12237101  
24  1  0.491814795  0  24.99445988  0  0  74.51372532  
24  2  0.069762743  0  4.816653597  14.0659899  0  81.04759377  
24  3  4.364538225  0  0.698951261  0  0  94.93651051  
24  5  0  0  59.53174517  0  0  40.46825483  
24  6  0  0  0  0  0  100  
24  7  16.09064445  0  4.972066154  0  0  78.93728939  
24  8  0  0  43.4678918  0  0  56.5321082  
24  9  0  0  20  0  0  80  
24  10  66.81631953  0  0.74446216  0  0  32.43921831  
55  1  0  0  17.43795995  0  0  82.56204005  
55  2  0.106662054  0  32.94674053  0  0  66.94659741  
55  3  1.774309814  0  0.467438197  0  0  97.75825199  
55  5  0  0  59.53174517  0  0  40.46825483  
55  6  0  0  0  0  0  100  
55  7  16.03464472  0  5.029648809  0  0  78.93570647  
55  8  0  0  43.25618442  0  0  56.74381558  
55  9  0  0  20  0  0  80  
55  10  67.23232787  0  0.577327503  0  0  32.19034462  
46  1  0.922314808  0  10.05217083  0  0  89.02551437  
46  2  0.073967505  0  2.864201815  12.1515807  0  84.91024998  
46  3  2.51912268  0  15.69556848  0  0  81.78530884  
46  5  0  0  55.26291166  0  0  44.73708834  
46  6  0  0  0  0  0  100  
46  7  15.90875108  0  4.912101203  0  0  79.17914772  
46  8  0  0  42.96662778  0  0  57.03337222  
46  9  0  0  20  0  0  80  
46  10  38.84195643  0  1.596683357  0  0  59.56136021  
60  1  0.699083617  0  12.39724826  0  0  86.90366813  
60  2  0.046028592  0  2.863710313  14.88555509  0  82.204706  
60  3  3.523983978  0  9.990524511  0  0  86.48549151  
60  5  0  0  47.57382155  0  0  52.42617845  
60  6  0  0  0  0  0  100  
60  7  15.75548723  0  4.80072257  0  0  79.4437902  
60  8  0  0  42.74272263  0  0  57.25727737  
60  9  0  0  20  0  0  80  
60  10  52.13190748  0  0.018457637  0  0  47.84963488  
6  1  0.901814414  0  10.32586289  0  0  88.7723227  
6  2  0.010852068  0  0.509411888  17.38199578  0  82.09774026  
6  3  7.248045183  0  29.46478403  0  0  63.28717079  
6  5  0  0  59.53174517  0  0  40.46825483  
6  6  0  0  0  0  0  100  
6  7  16.05094378  0  4.982341889  0  0  78.96671433  
6  8  0  0  38.98522682  0  0  61.01477318  
6  9  0  0  20  0  0  80  
6  10  56.35986777  0  0.06890741  0  0  43.57122482  
224  1  0.96912304  0  10.26705539  0  0  88.76382157  
224  3  3.350689026  0  7.056170728  0  0  89.59314025  
224  5  0  0  59.53174517  0  0  40.46825483  
224  6  0  0  0  0  0  100  
224  7  15.47462753  0  4.776549851  0  0  79.74882262  
224  8  0.001251104  0  38.80750182  0  0  61.19124708  
224  9  0  0  20  0  0  80  
224  10  35.01722092  0  2.168243073  0  0  62.814536  
237  1  0.96912304  0  10.26705539  0  0  88.76382157  
237  3  3.350689026  0  7.056170728  0  0  89.59314025  
237  5  0  0  59.53174517  0  0  40.46825483  
237  6  0  0  0  0  0  100  
237  7  15.47462753  0  4.776549851  0  0  79.74882262  
237  8  0.001251104  0  38.80750182  0  0  61.19124708  
237  9  0  0  20  0  0  80  
237  10  35.01722092  0  2.168243073  0  0  62.814536  
22  1  0.823806283  0  11.78411631  0  0  87.39207741  
22  2  0.036599736  0  1.754745114  14.28087293  0  83.92778222  
22  3  3.897421143  0  6.02657262  0  0  90.07600624  
22  5  0  0  80  0  0  20  
22  6  0  0  0  0  0  100  
22  7  16.03386925  0  4.944668276  0  0  79.02146247  
22  8  0  0  42.30492099  0  0  57.69507901  
22  9  0  0  20  0  0  80  
22  10  42.44064042  0  2.86541885  0  0  54.69394073  
43  1  0.996906186  0  10.00796004  0  0  88.99513378  
43  2  0.004644047  0  0.223584063  18.18162823  0  81.59014366  
43  3  5.634474763  0  26.48756942  0  0  67.87795582  
43  5  0  0  45  0  0  55  
43  6  0  0  0  0  0  100  
43  7  15.82362741  0  4.94629572  0  0  79.23007687  
43  8  0  0  46.16984093  0  0  53.83015907  
43  9  0  0  20  0  0  80  
43  10  24.73374875  0  1.73916278  0  0  73.52708847  
7  1  0.768571052  0  10.03248982  0  0  89.19893912  
7  2  0.005503728  0  0.880923818  11.24126127  0  87.87231118  
7  3  2.760477373  0  9.316579482  0  0  87.92294315  
7  5  0  0  45  0  0  55  
7  6  0  0  0  0  0  100  
7  7  11.38867856  0  2.762621691  0  0  85.84869975  
7  8  0  0  35.72404849  0  0  64.27595151  
7  9  0  0  20  0  0  80  
7  10  36.00670237  0  0.007760117  0  0  63.98553751  
8  1  0.812272752  0  12.89731334  0  0  86.29041391  
8  2  0.005568817  0  0.384403853  15.13119424  0  84.47883309  
8  3  1.58307696  0  0.929934905  0  0  97.48698814  
8  5  0  0  80  0  0  20  
8  6  0  0  0  0  0  100  
8  7  16.39571173  0  5.113718986  0  0  78.49056928  
8  8  0  0  41.58671116  0  0  58.41328884  
8  9  0  0  20  0  0  80  
8  10  44.08419675  0  0.205094247  0  0  55.710709  
27  1  0.706817538  0  10.66770608  0  0  88.62547639  
27  2  0.090493782  0  5.029743626  8.23461983  0  86.64514276  
27  3  4.296273864  0  19.16430633  0  0  76.53941981  
27  5  0  0  80  0  0  20  
27  6  0  0  0  0  0  100  
27  7  16.0728771  0  4.971295297  0  0  78.95582761  
27  8  0  0  43.71424341  0  0  56.28575659  
27  9  0  0  20  0  0  80  
27  10  51.72164888  0  0.181479819  0  0  48.0968713  
54  1  0.96912304  0  10.26705539  0  0  88.76382157  
54  2  0.222790208  0  8.860198947  2.616280341  0  88.3007305  
54  3  3.350689026  0  7.056170728  0  0  89.59314025  
54  5  0  0  59.53174517  0  0  40.46825483  
54  6  0  0  0  0  0  100  
54  7  15.47462753  0  4.776549851  0  0  79.74882262  
54  8  0.001251104  0  38.80750182  0  0  61.19124708  
54  9  0  0  20  0  0  80  
54  10  35.01722092  0  2.168243073  0  0  62.814536  
11  1  0.978564677  0  10.26053879  0  0  88.76089653  
11  2  0.000267263  0  0.304134055  16.26012109  0  83.43547759  
11  3  5.115830426  0  2.581118289  0  0  92.30305129  
11  5  0  0  45  0  0  55  
11  6  0  0  0  0  0  100  
11  7  16.12071161  0  5.018918578  0  0  78.86036981  
11  8  0  0  37.03485359  0  0  62.96514641  
11  9  0  0  20  0  0  80  
11  10  31.85440306  0  3.592023335  0  0  64.5535736  
601  1  0.96912304  0  10.26705539  0  0  88.76382157  
601  3  3.350689026  0  7.056170728  0  0  89.59314025  
601  5  0  0  59.53174517  0  0  40.46825483  
601  6  0  0  0  0  0  100  
601  7  15.47462753  0  4.776549851  0  0  79.74882262  
601  8  0.001251104  0  38.80750182  0  0  61.19124708  
601  9  0  0  20  0  0  80  
601  10  35.01722092  0  2.168243073  0  0  62.814536  
49  1  0.912094263  0  10.29680956  0  0  88.79109618  
49  2  0.004419496  0  0.375472083  16.95745409  0  82.66265433  
49  3  3.45427914  0  2.294770811  0  0  94.25095005  
49  5  0  0  59.53174517  0  0  40.46825483  
49  6  0  0  0  0  0  100  
49  7  15.99578492  0  5.050436795  0  0  78.95377829  
49  8  0  0  45.44501153  0  0  54.55498847  
49  9  0  0  20  0  0  80  
49  10  31.73163158  0  2.914728799  0  0  65.35363962  
12  1  0.95503875  0  10.32441585  0  0  88.7205454  
12  2  0.03831344  0  1.487171727  15.39310366  0  83.08141117  
12  3  4.550894434  0  8.541044116  0  0  86.90806145  
12  5  0  0  45  0  0  55  
12  6  0  0  0  0  0  100  
12  7  15.97408897  0  4.928359899  0  0  79.09755113  
12  8  0  0  43.70838083  0  0  56.29161917  
12  9  0  0  20  0  0  80  
12  10  37.40694829  0  0.331391015  0  0  62.26166069  
14  1  0.965305097  0  10.14783224  0  0  88.88686267  
14  2  0.220471695  0  8.793370553  2.014646503  0  88.97151125  
14  3  8.713203754  0  5.79963933  0  0  85.48715692  
14  5  0  0  45.87368911  0  0  54.12631089  
14  6  0  0  0  0  0  100  
14  7  15.96535857  0  4.86809766  0  0  79.16654377  
14  8  0  0  44.3843086  0  0  55.6156914  
14  9  0  0  20  0  0  80  
14  10  62.94622515  0  0.278432215  0  0  36.77534264  
250  1  0.96912304  0  10.26705539  0  0  88.76382157  
250  3  3.350689026  0  7.056170728  0  0  89.59314025  
250  5  0  0  59.53174517  0  0  40.46825483  
250  6  0  0  0  0  0  100  
250  7  15.47462753  0  4.776549851  0  0  79.74882262  
250  8  0.001251104  0  38.80750182  0  0  61.19124708  
250  9  0  0  20  0  0  80  
250  10  35.01722092  0  2.168243073  0  0  62.814536  
219  1  0.96912304  0  10.26705539  0  0  88.76382157  
219  3  3.350689026  0  7.056170728  0  0  89.59314025  
219  5  0  0  59.53174517  0  0  40.46825483  
219  6  0  0  0  0  0  100  
219  7  15.47462753  0  4.776549851  0  0  79.74882262  
219  8  0.001251104  0  38.80750182  0  0  61.19124708  
219  9  0  0  20  0  0  80  
219  10  35.01722092  0  2.168243073  0  0  62.814536  
13  1  0  0  58.89694719  0  0  41.10305281  
13  2  9.68886E-07  0  51.19209073  0  0  48.8079083  
13  3  18.38253534  0  0.322746491  0  0  81.29471816  
13  5  0  0  59.53174517  0  0  40.46825483  
13  6  0  0  0  0  0  100  
13  7  15.5602322  0  4.784050141  0  0  79.65571766  
13  8  6.09084E-07  0  47.00312854  0  0  52.99687085  
13  9  0  0  20  0  0  80  
13  10  69.23076923  0  0  0  0  30.76923077  
214  1  0.96912304  0  10.26705539  0  0  88.76382157  
214  3  3.350689026  0  7.056170728  0  0  89.59314025  
214  5  0  0  59.53174517  0  0  40.46825483  
214  6  0  0  0  0  0  100  
214  7  15.47462753  0  4.776549851  0  0  79.74882262  
214  8  0.001251104  0  38.80750182  0  0  61.19124708  
214  9  0  0  20  0  0  80  
214  10  35.01722092  0  2.168243073  0  0  62.814536  
15  1  0.762920692  0  10.94264068  0  0  88.29443863  
15  2  0.002813673  0  0.155700798  14.80455394  0  85.03693159  
15  3  1.919284393  0  2.925609214  0  0  95.15510639  
15  5  0  0  80  0  0  20  
15  6  0  0  0  0  0  100  
15  7  16.08497671  0  4.992714488  0  0  78.9223088  
15  8  0  0  39.9588461  0  0  60.0411539  
15  9  0  0  20  0  0  80  
15  10  48.11639304  0  1.052567892  0  0  50.83103907  
219  1  0.96912304  0  10.26705539  0  0  88.76382157  
219  3  3.350689026  0  7.056170728  0  0  89.59314025  
219  5  0  0  59.53174517  0  0  40.46825483  
219  6  0  0  0  0  0  100  
219  7  15.47462753  0  4.776549851  0  0  79.74882262  
219  8  0.001251104  0  38.80750182  0  0  61.19124708  
219  9  0  0  20  0  0  80  
219  10  35.01722092  0  2.168243073  0  0  62.814536  
53  1  0.96912304  0  10.26705539  0  0  88.76382157  
53  3  3.350689026  0  7.056170728  0  0  89.59314025  
53  5  0  0  59.53174517  0  0  40.46825483  
53  6  0  0  0  0  0  100  
53  7  15.47462753  0  4.776549851  0  0  79.74882262  
53  8  0.001251104  0  38.80750182  0  0  61.19124708  
53  9  0  0  20  0  0  80  
53  10  35.01722092  0  2.168243073  0  0  62.814536  
219  1  0.96912304  0  10.26705539  0  0  88.76382157  
219  3  3.350689026  0  7.056170728  0  0  89.59314025  
219  5  0  0  59.53174517  0  0  40.46825483  
219  6  0  0  0  0  0  100  
219  7  15.47462753  0  4.776549851  0  0  79.74882262  
219  8  0.001251104  0  38.80750182  0  0  61.19124708  
219  9  0  0  20  0  0  80  
219  10  35.01722092  0  2.168243073  0  0  62.814536  
219  1  0.96912304  0  10.26705539  0  0  88.76382157  
219  3  3.350689026  0  7.056170728  0  0  89.59314025  
219  5  0  0  59.53174517  0  0  40.46825483  
219  6  0  0  0  0  0  100  
219  7  15.47462753  0  4.776549851  0  0  79.74882262  
219  8  0.001251104  0  38.80750182  0  0  61.19124708  
219  9  0  0  20  0  0  80  
219  10  35.01722092  0  2.168243073  0  0  62.814536  
224  1  0.96912304  0  10.26705539  0  0  88.76382157  
224  3  3.350689026  0  7.056170728  0  0  89.59314025  
224  5  0  0  59.53174517  0  0  40.46825483  
224  6  0  0  0  0  0  100  
224  7  15.47462753  0  4.776549851  0  0  79.74882262  
224  8  0.001251104  0  38.80750182  0  0  61.19124708  
224  9  0  0  20  0  0  80  
224  10  35.01722092  0  2.168243073  0  0  62.814536  
45  1  0.290645099  0  23.23908482  0  0  76.47027008  
45  2  0.06965771  0  2.700439125  13.96131537  0  83.2685878  
45  3  5.778068353  0  19.00649067  0  0  75.21544097  
45  5  0  0  45  0  0  55  
45  6  0  0  0  0  0  100  
45  7  15.75989014  0  4.917722903  0  0  79.32238696  
45  8  0  0  45.74022617  0  0  54.25977383  
45  9  0  0  20  0  0  80  
45  10  24.99153251  0  2.271107481  0  0  72.73736001  
16  1  0  0  9.966899281  0  0  90.03310072  
16  2  0.000363284  0  0.376927  15.92059001  0  83.7021197  
16  3  2.770856224  0  4.663851642  0  0  92.56529213  
16  5  0  0  59.53174517  0  0  40.46825483  
16  6  0  0  0  0  0  100  
16  7  15.91416318  0  4.919602986  0  0  79.16623384  
16  8  0  0  41.64307661  0  0  58.35692339  
16  9  0  0  20  0  0  80  
16  10  69.93070161  0  0  0  0  30.06929839  
44  1  0.09563926  0  13.46741847  0  0  86.43694227  
44  2  0.116125892  0  4.631395079  8.813785532  0  86.4386935  
44  3  6.63509826  0  24.54213343  0  0  68.82276831  
44  5  0  0  45  0  0  55  
44  6  0  0  0  0  0  100  
44  7  15.88459255  0  4.932685846  0  0  79.1827216  
44  8  0  0  45.32638317  0  0  54.67361683  
44  9  0  0  20  0  0  80  
44  10  24.08561034  0  1.484788823  0  0  74.42960084  
224  1  0.96912304  0  10.26705539  0  0  88.76382157  
224  3  3.350689026  0  7.056170728  0  0  89.59314025  
224  5  0  0  59.53174517  0  0  40.46825483  
224  6  0  0  0  0  0  100  
224  7  15.47462753  0  4.776549851  0  0  79.74882262  
224  8  0.001251104  0  38.80750182  0  0  61.19124708  
224  9  0  0  20  0  0  80  
224  10  35.01722092  0  2.168243073  0  0  62.814536  
41  1  0  0  15.85855034  0  0  84.14144966  
41  2  0.058737612  0  2.396286786  13.00777122  0  84.53720439  
41  3  6.275088273  0  13.06038023  0  0  80.6645315  
41  5  0  0  80  0  0  20  
41  6  0  0  0  0  0  100  
41  7  15.68938546  0  5.9428995  0  0  78.36771504  
41  8  0  0  46.32878778  0  0  53.67121222  
41  9  0  0  20  0  0  80  
41  10  28.70532224  0  3.159215718  0  0  68.13546204  
33  8  22.45892078  0  11.75919634  0  47.70539608  18.0764868  
52  1  0.998154355  0  10.01193675  0  0  88.98990889  
52  2  0.007453066  0  0.784381491  15.35033735  0  83.8578281  
52  3  2.802259377  0  4.241576976  0  0  92.95616365  
52  5  0  0  45  0  0  55  
52  6  0  0  0  0  0  100  
52  7  15.8890447  0  5.628011848  0  0  78.48294345  
52  8  0  0  44.70792237  0  0  55.29207763  
52  9  0  0  20  0  0  80  
52  10  28.32700745  0  2.897822984  0  0  68.77516957  
57  1  0  0  24.78820489  0  0  75.21179511  
57  2  0.000610182  0  0.550405804  13.28939637  0  86.15958764  
57  3  7.007853014  0  1.556250509  0  0  91.43589648  
57  5  0  0  59.53174517  0  0  40.46825483  
57  6  0  0  0  0  0  100  
57  7  15.81882434  0  4.853794992  0  0  79.32738067  
57  8  0  0  27.74084827  0  0  72.25915173  
57  9  0  0  20  0  0  80  
57  10  64.89245117  0  1.253291885  0  0  33.85425695  
17  1  0.577073197  0  14.67759513  0  0  84.74533168  
17  2  0.006557274  0  0.689715776  14.24182639  0  85.06190056  
17  3  4.553236862  0  11.13588783  0  0  84.31087531  
17  5  0  0  59.53174517  0  0  40.46825483  
17  6  0  0  0  0  0  100  
17  7  16.19426098  0  4.996436444  0  0  78.80930258  
17  8  0  0  43.34699692  0  0  56.65300308  
17  9  0  0  20  0  0  80  
17  10  50.83736584  0  0.165975336  0  0  48.99665883  
18  1  0.325013384  0  9.797106634  0  0  89.87787998  
18  2  0  0  0.027229158  14.98990905  0  84.98286179  
18  3  18.85552568  0  3.660248502  0  0  77.48422582  
18  5  0  0  79.92642845  0  0  20.07357155  
18  6  0  0  0  0  0  100  
18  7  13.13532229  0  3.621925825  0  0  83.24275188  
18  8  0  0  41.64747659  0  0  58.35252341  
18  9  0  0  20  0  0  80  
18  10  48.30248016  0  0.577515025  0  0  51.12000482  
31  8  36.874707  0  18.82418437  0  31.69142643  12.60968221  
19  1  0.965665873  0  10.17639034  0  0  88.85794379  
19  2  0.179464513  0  6.91850261  2.096515684  0  90.80551719  
19  3  6.257089281  0  31.43731208  0  0  62.30559864  
19  5  0  0  65.59644675  0  0  34.40355325  
19  6  0  0  0  0  0  100  
19  7  16.06861324  0  4.944829244  0  0  78.98655752  
19  8  0  0  40.0663153  0  0  59.9336847  
19  9  0  0  20  0  0  80  
19  10  45.22037144  0  0.416300139  0  0  54.36332842  
20  1  0.630503545  0  13.14404912  0  0  86.22544734  
20  2  3.30384E-05  0  9.780058623  13.06907336  0  77.15083498  
20  3  4.308376891  0  2.298244371  0  0  93.39337874  
20  5  0  0  59.53174517  0  0  40.46825483  
20  6  0  0  0  0  0  100  
20  7  16.16850726  0  5.006068022  0  0  78.82542472  
20  8  0  0  40.20751141  0  0  59.79248859  
20  9  0  0  20  0  0  80  
20  10  40.65505833  0  2.96315457  0  0  56.3817871  
219  1  0.96912304  0  10.26705539  0  0  88.76382157  
219  3  3.350689026  0  7.056170728  0  0  89.59314025  
219  5  0  0  59.53174517  0  0  40.46825483  
219  6  0  0  0  0  0  100  
219  7  15.47462753  0  4.776549851  0  0  79.74882262  
219  8  0.001251104  0  38.80750182  0  0  61.19124708  
219  9  0  0  20  0  0  80  
219  10  35.01722092  0  2.168243073  0  0  62.814536  
21  1  0.84310596  0  12.42118177  0  0  86.73571227  
21  2  0.001636434  0  0.074683008  15.75827194  0  84.16540862  
21  3  3.148433093  0  2.728270028  0  0  94.12329688  
21  5  0  0  45.00369957  0  0  54.99630043  
21  6  0  0  0  0  0  100  
21  7  15.87328011  0  4.939485549  0  0  79.18723434  
21  8  0  0  43.75306676  0  0  56.24693324  
21  9  0  0  20  0  0  80  
21  10  32.57497307  0  3.223996965  0  0  64.20102996  
61  1  0.969535824  0  10.54930001  0  0  88.48116417  
61  2  0.048771179  0  1.950247415  14.97635851  0  83.0246229  
61  3  3.328656974  0  6.922372243  0  0  89.74897078  
61  5  0  0  74.00280076  0  0  25.99719924  
61  6  0  0  0  0  0  100  
61  7  15.49766316  0  5.20132078  0  0  79.30101606  
61  8  6.00888E-08  0  34.02106026  0  0  65.97893968  
61  9  0  0  20  0  0  80  
61  10  16.79465302  0  3.391589147  0  0  79.81375784  
251  1  0.96912304  0  10.26705539  0  0  88.76382157  
251  3  3.350689026  0  7.056170728  0  0  89.59314025  
251  5  0  0  59.53174517  0  0  40.46825483  
251  6  0  0  0  0  0  100  
251  7  15.47462753  0  4.776549851  0  0  79.74882262  
251  8  0.001251104  0  38.80750182  0  0  61.19124708  
251  9  0  0  20  0  0  80  
251  10  35.01722092  0  2.168243073  0  0  62.814536  
23  1  0.050714129  0  10.91285001  0  0  89.03643586  
23  2  4.51188E-09  0  0.00134708  0  0  99.99865292  
23  3  1.443942906  0  1.933435353  0  0  96.62262174  
23  5  0  0  45  0  0  55  
23  6  0  0  0  0  0  100  
23  7  11.79797224  0  2.954958784  0  0  85.24706898  
23  8  0  0  23.83972501  0  0  76.16027499  
23  9  0  0  20  0  0  80  
23  10  37.71158384  0  0.035624426  0  0  62.25279173  
47  1  0.660334022  0  11.71289259  0  0  87.62677339  
47  2  0.106779445  0  4.181687501  8.989341429  0  86.72219162  
47  3  3.120110251  0  11.06521444  0  0  85.81467531  
47  5  0  0  45  0  0  55  
47  6  0  0  0  0  0  100  
47  7  15.96739787  0  4.914050193  0  0  79.11855193  
47  8  0  0  39.60452533  0  0  60.39547467  
47  9  0  0  20  0  0  80  
47  10  34.50484398  0  0.607053038  0  0  64.88810299  
48  1  0.983110121  0  10.08084207  0  0  88.93604781  
48  2  2.57266E-06  0  0.236621002  28.51792299  0  71.24545343  
48  3  5.115851433  0  3.032050815  0  0  91.85209775  
48  5  0  0  45  0  0  55  
48  6  0  0  0  0  0  100  
48  7  15.95781582  0  4.88689258  0  0  79.1552916  
48  8  0  0  43.00950371  0  0  56.99049629  
48  9  0  0  20  0  0  80  
48  10  52.53378526  0  0.536407654  0  0  46.92980709  
219  1  0.96912304  0  10.26705539  0  0  88.76382157  
219  3  3.350689026  0  7.056170728  0  0  89.59314025  
219  5  0  0  59.53174517  0  0  40.46825483  
219  6  0  0  0  0  0  100  
219  7  15.47462753  0  4.776549851  0  0  79.74882262  
219  8  0.001251104  0  38.80750182  0  0  61.19124708  
219  9  0  0  20  0  0  80  
219  10  35.01722092  0  2.168243073  0  0  62.814536  
95  1  0.96912304  0  10.26705539  0  0  88.76382157  
95  3  3.350689026  0  7.056170728  0  0  89.59314025  
95  5  0  0  59.53174517  0  0  40.46825483  
95  6  0  0  0  0  0  100  
95  7  15.47462753  0  4.776549851  0  0  79.74882262  
95  8  0.001251104  0  38.80750182  0  0  61.19124708  
95  9  0  0  20  0  0  80  
95  10  35.01722092  0  2.168243073  0  0  62.814536  
224  1  0.96912304  0  10.26705539  0  0  88.76382157  
224  3  3.350689026  0  7.056170728  0  0  89.59314025  
224  5  0  0  59.53174517  0  0  40.46825483  
224  6  0  0  0  0  0  100  
224  7  15.47462753  0  4.776549851  0  0  79.74882262  
224  8  0.001251104  0  38.80750182  0  0  61.19124708  
224  9  0  0  20  0  0  80  
224  10  35.01722092  0  2.168243073  0  0  62.814536  
25  1  0.997436466  0  10.00754212  0  0  88.99502141  
25  2  0.101224748  0  3.974466196  9.759371373  0  86.16493768  
25  3  1.858446784  0  4.42984726  0  0  93.71170596  
25  5  0  0  45  0  0  55  
25  6  0  0  0  0  0  100  
25  7  15.77452005  0  5.244988194  0  0  78.98049176  
25  8  3.21551E-07  0  44.27313758  0  0  55.7268621  
25  9  0  0  20  0  0  80  
25  10  54.57017681  0  4.235282256  0  0  41.19454094  
40  1  0.998861826  0  10.0185584  0  0  88.98257977  
40  2  0.070004346  0  2.720659325  13.50017349  0  83.70916284  
40  3  3.417377766  0  7.737242686  0  0  88.84537955  
40  5  0  0  79.79473501  0  0  20.20526499  
40  6  0  0  0  0  0  100  
40  7  15.55968852  0  5.294983431  0  0  79.14532805  
40  8  3.288E-07  0  38.74099853  0  0  61.25900114  
40  9  0  0  20  0  0  80  
40  10  24.20100016  0  3.073644278  0  0  72.72535557  
94  1  0.96912304  0  10.26705539  0  0  88.76382157  
94  3  3.350689026  0  7.056170728  0  0  89.59314025  
94  5  0  0  59.53174517  0  0  40.46825483  
94  6  0  0  0  0  0  100  
94  7  15.47462753  0  4.776549851  0  0  79.74882262  
94  8  0.001251104  0  38.80750182  0  0  61.19124708  
94  9  0  0  20  0  0  80  
94  10  35.01722092  0  2.168243073  0  0  62.814536  
51  1  0.999416705  0  9.994429956  0  0  89.00615334  
51  2  0.055919565  0  2.212140289  12.04074564  0  85.69119451  
51  3  2.602495557  0  6.417308991  0  0  90.98019545  
51  5  0  0  45.06210947  0  0  54.93789053  
51  6  0  0  0  0  0  100  
51  7  15.72861294  0  5.845418792  0  0  78.42596827  
51  8  0.009154164  0  45.18030137  0  0  54.81054447  
51  9  0  0  20  0  0  80  
51  10  32.34178213  0  3.460178089  0  0  64.19803978  
