# PPM25 splits 
# Data based on information from TNO July 2018 -- this is the split file for scenario 5 (2015) with SNAP 2 split based on sector 21 and 22 data from Wood_combustion_paper_PM_split_information.xls (v3)
# Key-word, MASS_ASSUMED= 0 by default,
# change when emissions have artificial mass, e.g. 46 for NOx as NO2
# Biomass burning emissions, IE_BB = 101 (not used here)
# : MASS_ASSUMED 0
99  99  POM_f_FFUEL  POM_f_WOOD  EC_f_FFUEL_NEW  EC_f_FFUEL_AGE  EC_f_WOOD_NEW  EC_f_WOOD_AGE  PSO4f  REMPPM25  #HEADERS
#DATA                    
1  1  1.953249341  0  4.736522238  1.184130559  0  0  5.995265207  86.13083265  
1  2  0.229402044  87.0041634  0.228835042  0.05720876  7.956763621  1.989190905  0.20909792  2.325338308  
1  3  6.835142052  0  2.520873556  0.630218389  0  0  1.756006239  88.25775976  
1  5  23.07692308  0  36  9  0  0  0  31.92307692  
1  6  0  0  0  0  0  0  0  100  
1  7  21.95848141  0  52.09535396  13.02383849  0  0  0.899804113  12.02252203  
1  8  30.79228484  0  35.84719927  8.961799817  0  0  4.932106846  19.46660923  
1  9  45.89342833  0  19.88857571  4.972143927  0  0  0  29.24585203  
1  10  48.87239534  0  12.83699522  3.209248804  0  0  0  35.08136065  
56  1  3.826302549  0  6.737779127  1.684444782  0  0  9.330598352  78.42087519  
56  2  25.24509993  53.86237559  8.820356472  2.205089118  5.492562518  1.373140629  0.014881091  2.986494656  
56  3  6.434022636  0  2.776403745  0.694100936  0  0  0.395490128  89.69998255  
56  5  15.39241229  0  58.44194121  14.6104853  0  0  0  11.5551612  
56  6  0  0  0  0  0  0  0  100  
56  7  27.4624101  0  37.90910975  9.477277437  0  0  0.687237979  24.46396473  
56  8  35.40274816  0  32.66035732  8.165089329  0  0  4.729341563  19.04246363  
56  9  47.60616432  0  17.45467056  4.363667641  0  0  0  30.57549748  
56  10  47.27677501  0  12.46268655  3.115671637  0  0  0  37.14486681  
32  8  22.46148024  0  9.415206073  2.353801518  0  0  47.69259879  18.07691337  
2  1  18.02486592  0  7.951530011  1.987882503  0  0  1.796144083  70.23957749  
2  2  0.187255862  86.80459994  0.059386954  0.014846738  7.563593446  1.890898362  0.017831595  3.461587099  
2  3  4.828202402  0  3.097569563  0.774392391  0  0  0.64050018  90.65933546  
2  5  15  0  59.9999968  14.9999992  0  0  0  10.000004  
2  6  0  0  0  0  0  0  0  100  
2  7  26.72438621  0  26.07283988  6.518209971  0  0  0.462741411  40.22182252  
2  8  32.60026403  0  34.19852609  8.549631523  0  0  4.521736591  20.12984177  
2  9  47.93486736  0  16.98778776  4.24694694  0  0  0  30.83039794  
2  10  37.30701546  0  1.152693782  0.288173446  0  0  0  61.25211731  
69  1  3.826302549  0  6.737779127  1.684444782  0  0  9.330598352  78.42087519  
69  2  25.24509993  53.86237559  8.820356472  2.205089118  5.492562518  1.373140629  0.014881091  2.986494656  
69  3  6.434022636  0  2.776403745  0.694100936  0  0  0.395490128  89.69998255  
69  5  15.39241229  0  58.44194121  14.6104853  0  0  0  11.5551612  
69  6  0  0  0  0  0  0  0  100  
69  7  27.4624101  0  37.90910975  9.477277437  0  0  0.687237979  24.46396473  
69  8  35.40274816  0  32.66035732  8.165089329  0  0  4.729341563  19.04246363  
69  9  47.60616432  0  17.45467056  4.363667641  0  0  0  30.57549748  
69  10  47.27677501  0  12.46268655  3.115671637  0  0  0  37.14486681  
30  8  47.36262271  0  18.60113117  4.650282792  0  0  20.86992558  8.516037746  
3  1  20.5484802  0  8.40511953  2.101279883  0  0  2.014834252  66.93028613  
3  2  1.14690535  86.61967694  0.211401527  0.052850382  7.7760319  1.944007975  0.024719667  2.224406256  
3  3  6.686860656  0  3.781468751  0.945367188  0  0  0.258410074  88.32789333  
3  5  15  0  59.9999968  14.9999992  0  0  0  10.000004  
3  6  0  0  0  0  0  0  0  100  
3  7  25.00169579  0  32.64058434  8.160146086  0  0  0.571644878  33.6259289  
3  8  33.01956209  0  31.96528313  7.991320783  0  0  7.345346421  19.67848757  
3  9  48.32853603  0  16.42840327  4.107100818  0  0  0  31.13595988  
3  10  59.14458052  0  3.184255443  0.796063861  0  0  0  36.87510018  
4  1  3.112069236  0  6.399407628  1.599851907  0  0  9.595965213  79.29270602  
4  2  6.47117606  79.99734702  2.293816176  0.573454044  7.256145001  1.81403625  0.002284158  1.591741291  
4  3  2.93864001  0  0.671063544  0.167765886  0  0  0.11361558  96.10891498  
4  5  22.70578512  0  37.07915357  9.269788392  0  0  0  30.94527292  
4  6  0  0  0  0  0  0  0  100  
4  7  28.1892078  0  34.04956814  8.512392036  0  0  0.636682103  28.61214992  
4  8  30.40023746  0  35.88008335  8.970020837  0  0  5.073825501  19.67583286  
4  9  47.40752597  0  17.73711484  4.434278711  0  0  0  30.42108047  
4  10  45.72342084  0  13.20418171  3.301045427  0  0  0  37.77135202  
50  1  1.427527525  0  6.486524951  1.621631238  0  0  9.905778402  80.55853788  
50  2  0.00790588  88.29592544  0.02773566  0.006933915  7.959538259  1.989884565  0.027444171  1.684632113  
50  3  4.442084746  0  1.539629989  0.384907497  0  0  3.157136932  90.47624084  
50  5  23.07692308  0  36  9  0  0  0  31.92307692  
50  6  0  0  0  0  0  0  0  100  
50  7  22.37317377  0  50.07733018  12.51933255  0  0  0.862373667  14.16778984  
50  8  27.95061068  0  38.68857199  9.672142997  0  0  4.99769181  18.69098252  
50  9  46.04777947  0  19.66925007  4.917312518  0  0  0  29.36565794  
50  10  50.81011678  0  11.01374099  2.753435247  0  0  0  35.42270698  
39  1  6.692151955  0  4.437164135  1.109291034  0  0  5.624119399  82.13727348  
39  2  4.0929348  82.46700146  0.40762182  0.101905455  8.083546846  2.020886711  0.017481458  2.808621454  
39  3  1.255598883  0  0.760948313  0.190237078  0  0  0.199410417  97.59380531  
39  5  14.98986248  0  60.00554577  15.00138644  0  0  0  10.00320532  
39  6  0  0  0  0  0  0  0  100  
39  7  28.60915643  0  35.59534899  8.898837248  0  0  0.680143862  26.21651347  
39  8  31.61613686  0  35.66679502  8.916698755  0  0  4.662039529  19.13832984  
39  9  45.52889986  0  20.40655336  5.101638339  0  0  0  28.96290844  
39  10  47.47139381  0  13.18829708  3.29707427  0  0  0  36.04323485  
34  8  22.73055291  0  10.24036226  2.560090564  0  0  46.34723545  18.12175882  
24  1  9.739656987  0  5.943357114  1.485839279  0  0  3.623830322  79.2073163  
24  2  0.178996622  70.61727016  0.241076091  0.060269023  8.753472172  2.188368043  0.048273847  17.91227404  
24  3  4.604668861  0  0.420020528  0.105005132  0  0  0.144638017  94.72566746  
24  5  15.39241229  0  58.44194121  14.6104853  0  0  0  11.5551612  
24  6  0  0  0  0  0  0  0  100  
24  7  27.32735517  0  27.64874084  6.912185209  0  0  0.475606177  37.6361126  
24  8  31.9563261  0  34.20336781  8.550841953  0  0  4.515991985  20.77347215  
24  9  46.71197301  0  18.68128049  4.670320121  0  0  0  29.93642638  
24  10  58.95109913  0  8.605856371  2.151464093  0  0  0  30.29158041  
55  1  4.333925614  0  7.450665237  1.862666309  0  0  18.98179565  67.37094719  
55  2  0.661292343  73.69038465  0.693681311  0.173420328  8.28293044  2.07073261  0.228471486  14.19908683  
55  3  3.454984245  0  0.390437238  0.09760931  0  0  0.24920923  95.80775998  
55  5  15.39241229  0  58.44194121  14.6104853  0  0  0  11.5551612  
55  6  0  0  0  0  0  0  0  100  
55  7  25.61489435  0  36.62025885  9.155064713  0  0  0.642958994  27.96682309  
55  8  23.5385656  0  32.59841467  8.149603666  0  0  4.164894628  31.54852144  
55  9  49.64031621  0  14.56442592  3.64110648  0  0  0  32.15415139  
55  10  60.28761913  0  7.440700886  1.860175222  0  0  0  30.41150477  
46  1  5.558603716  0  6.577470918  1.64436773  0  0  8.097275791  78.12228185  
46  2  4.739013542  83.00969148  0.834514933  0.208628733  7.264311494  1.816077874  0.001597202  2.126164742  
46  3  5.657093077  0  5.827922554  1.456980638  0  0  2.123818565  84.93418517  
46  5  17.34954414  0  46.62298358  11.65574589  0  0  0  24.37172638  
46  6  0  0  0  0  0  0  0  100  
46  7  29.52884635  0  32.46875914  8.117189785  0  0  0.574618341  29.31058638  
46  8  31.82184012  0  35.10051759  8.775129397  0  0  4.736066634  19.56644626  
46  9  47.54128643  0  17.54704758  4.386761896  0  0  0  30.52490409  
46  10  47.27403629  0  11.50037964  2.875094909  0  0  0  38.35048916  
60  1  10.12250662  0  6.77974719  1.694936798  0  0  6.172306416  75.23050298  
60  2  3.92662902  81.43142594  1.316198403  0.329049601  7.9794006  1.99485015  0.020880865  3.001565423  
60  3  5.951286934  0  3.332097264  0.833024316  0  0  0.518667352  89.36492413  
60  5  19.71243259  0  45.35651908  11.33912977  0  0  0  23.59191856  
60  6  0  0  0  0  0  0  0  100  
60  7  27.24317156  0  21.05652576  5.26413144  0  0  0.367589957  46.06858128  
60  8  30.62509019  0  35.07346391  8.768365977  0  0  4.647529381  20.88555054  
60  9  48.58735113  0  16.06063931  4.015159827  0  0  0  31.33684974  
60  10  48.72158584  0  0.475158604  0.118789651  0  0  0  50.68446591  
6  1  7.85887822  0  6.38934283  1.597335707  0  0  6.728142851  77.42630039  
6  2  0.467340924  87.43026475  0.191787265  0.047946816  7.58392722  1.895981805  0.005449996  2.377301221  
6  3  6.419381493  0  6.231982771  1.557995693  0  0  0.099603843  85.6910362  
6  5  15  0  59.9999968  14.9999992  0  0  0  10.000004  
6  6  0  0  0  0  0  0  0  100  
6  7  26.16211626  0  29.24864712  7.31216178  0  0  0.513525453  36.76354939  
6  8  34.12912807  0  32.82070849  8.205177121  0  0  5.081452922  19.7635334  
6  9  48.58144342  0  16.06903388  4.017258471  0  0  0  31.33226423  
6  10  53.52099706  0  1.582821409  0.395705352  0  0  0  44.50047618  
224  1  3.826302549  0  6.737779127  1.684444782  0  0  9.330598352  78.42087519  
224  3  6.434022636  0  2.776403745  0.694100936  0  0  0.395490128  89.69998255  
224  5  15.39241229  0  58.44194121  14.6104853  0  0  0  11.5551612  
224  6  0  0  0  0  0  0  0  100  
224  7  27.4624101  0  37.90910975  9.477277437  0  0  0.687237979  24.46396473  
224  8  35.40274816  0  32.66035732  8.165089329  0  0  4.729341563  19.04246363  
224  9  47.60616432  0  17.45467056  4.363667641  0  0  0  30.57549748  
224  10  47.27677501  0  12.46268655  3.115671637  0  0  0  37.14486681  
237  1  3.826302549  0  6.737779127  1.684444782  0  0  9.330598352  78.42087519  
237  3  6.434022636  0  2.776403745  0.694100936  0  0  0.395490128  89.69998255  
237  5  15.39241229  0  58.44194121  14.6104853  0  0  0  11.5551612  
237  6  0  0  0  0  0  0  0  100  
237  7  27.4624101  0  37.90910975  9.477277437  0  0  0.687237979  24.46396473  
237  8  35.40274816  0  32.66035732  8.165089329  0  0  4.729341563  19.04246363  
237  9  47.60616432  0  17.45467056  4.363667641  0  0  0  30.57549748  
237  10  47.27677501  0  12.46268655  3.115671637  0  0  0  37.14486681  
22  1  8.394425601  0  6.511178666  1.627794667  0  0  8.160710499  75.30589057  
22  2  0.799882244  86.9875974  0.21520747  0.053801867  7.701698219  1.925424555  0.022620036  2.293768212  
22  3  5.371177499  0  1.565029991  0.391257498  0  0  0.493726601  92.17880841  
22  5  9.351788331  0  63.09165198  15.77291299  0  0  0  11.7836467  
22  6  0  0  0  0  0  0  0  100  
22  7  25.38483987  0  34.17898738  8.544746845  0  0  0.602036841  31.28938906  
22  8  30.80372058  0  34.79085004  8.697712511  0  0  6.294702948  19.41301391  
22  9  48.81710793  0  15.7341658  3.93354145  0  0  0  31.51518482  
22  10  49.7422637  0  13.67401552  3.418503879  0  0  0  33.1652169  
43  1  3.255442385  0  6.392584366  1.598146091  0  0  9.817042446  78.93678471  
43  2  0.384236372  88.03389149  0.148881648  0.037220412  7.518662733  1.879665683  0.002225478  1.995216183  
43  3  2.902292377  0  3.0749235  0.768730875  0  0  0.069270743  93.1847825  
43  5  17.29396337  0  53.1836494  13.29591235  0  0  0  16.22647487  
43  6  0  0  0  0  0  0  0  100  
43  7  25.78192329  0  35.04996155  8.762490387  0  0  0.633209166  29.77241561  
43  8  29.17730117  0  37.56701141  9.391752852  0  0  4.919683002  18.94425157  
43  9  47.69053589  0  17.33497118  4.333742795  0  0  0  30.64075013  
43  10  43.05285677  0  11.86837088  2.967092721  0  0  0  42.11167963  
7  1  12.07409141  0  6.924546961  1.73113674  0  0  3.450688958  75.81953593  
7  2  0.116042188  86.71403936  0.107191684  0.026797921  7.539282978  1.884820744  0.034839345  3.576985781  
7  3  2.806671034  0  3.138447664  0.784611916  0  0  0.857554087  92.4127153  
7  5  23.07692308  0  36  9  0  0  0  31.92307692  
7  6  0  0  0  0  0  0  0  100  
7  7  23.10757912  0  27.90314406  6.975786015  0  0  0.5035682  41.50992261  
7  8  35.56710246  0  31.0473303  7.761832574  0  0  6.252782459  19.37095221  
7  9  47.16475186  0  18.08208533  4.520521333  0  0  0  30.23264148  
7  10  33.08711625  0  0.298193343  0.074548336  0  0  0  66.54014207  
8  1  10.28157685  0  6.001612548  1.500403137  0  0  3.732374535  78.48403294  
8  2  1.298974542  86.44563001  0.497134017  0.124283504  7.706364933  1.926591233  0.010435266  1.990586496  
8  3  8.097054803  0  1.648574256  0.412143564  0  0  0.287990071  89.55423731  
8  5  7.692307692  0  64  16  0  0  0  12.30769231  
8  6  0  0  0  0  0  0  0  100  
8  7  25.44147708  0  30.95995202  7.739988004  0  0  0.540116855  35.31846604  
8  8  31.70590842  0  34.17566607  8.543916517  0  0  4.907299117  20.66720988  
8  9  48.0822853  0  16.77831387  4.194578466  0  0  0  30.94482236  
8  10  44.60591099  0  3.722532666  0.930633167  0  0  0  50.74092318  
27  1  13.44220059  0  8.780274424  2.195068606  0  0  4.61451899  70.96793739  
27  2  23.51277461  55.87271591  7.896370372  1.974092593  5.064317714  1.266079429  0.052311968  4.361337402  
27  3  11.76849617  0  6.714861826  1.678715457  0  0  2.304365589  77.53356096  
27  5  14.22296352  0  60.42532237  15.10633059  0  0  0  10.24538351  
27  6  0  0  0  0  0  0  0  100  
27  7  26.81066391  0  20.12111997  5.030279992  0  0  0.34497604  47.69296009  
27  8  30.48203351  0  35.34254202  8.835635504  0  0  6.102264623  19.23752434  
27  9  48.30266023  0  16.46517156  4.116292891  0  0  0  31.11587532  
27  10  51.54717882  0  3.256032713  0.814008178  0  0  0  44.38278029  
54  1  3.826302549  0  6.737779127  1.684444782  0  0  9.330598352  78.42087519  
54  2  25.24509993  53.86237559  8.820356472  2.205089118  5.492562518  1.373140629  0.014881091  2.986494656  
54  3  6.434022636  0  2.776403745  0.694100936  0  0  0.395490128  89.69998255  
54  5  15.39241229  0  58.44194121  14.6104853  0  0  0  11.5551612  
54  6  0  0  0  0  0  0  0  100  
54  7  27.4624101  0  37.90910975  9.477277437  0  0  0.687237979  24.46396473  
54  8  35.40274816  0  32.66035732  8.165089329  0  0  4.729341563  19.04246363  
54  9  47.60616432  0  17.45467056  4.363667641  0  0  0  30.57549748  
54  10  47.27677501  0  12.46268655  3.115671637  0  0  0  37.14486681  
11  1  1.945243653  0  7.524525108  1.881131277  0  0  10.51787642  78.13122354  
11  2  0.085661173  88.22163764  0.062530133  0.015632533  7.808499671  1.952124918  0.012156397  1.841757532  
11  3  6.644805342  0  0.571081319  0.14277033  0  0  0.243243846  92.39809916  
11  5  22.98828966  0  36.26336784  9.065841961  0  0  0  31.68250054  
11  6  0  0  0  0  0  0  0  100  
11  7  30.72686918  0  27.06234383  6.765585958  0  0  0.472628454  34.97257258  
11  8  32.26965765  0  31.36278699  7.840696746  0  0  10.39004517  18.13681345  
11  9  47.37798902  0  17.77908544  4.444771361  0  0  0  30.39815417  
11  10  48.24466714  0  13.83131414  3.457828534  0  0  0  34.46619019  
601  1  3.826302549  0  6.737779127  1.684444782  0  0  9.330598352  78.42087519  
601  3  6.434022636  0  2.776403745  0.694100936  0  0  0.395490128  89.69998255  
601  5  15.39241229  0  58.44194121  14.6104853  0  0  0  11.5551612  
601  6  0  0  0  0  0  0  0  100  
601  7  27.4624101  0  37.90910975  9.477277437  0  0  0.687237979  24.46396473  
601  8  35.40274816  0  32.66035732  8.165089329  0  0  4.729341563  19.04246363  
601  9  47.60616432  0  17.45467056  4.363667641  0  0  0  30.57549748  
601  10  47.27677501  0  12.46268655  3.115671637  0  0  0  37.14486681  
49  1  3.144866167  0  5.123603139  1.280900785  0  0  6.95642446  83.49420545  
49  2  0.094771277  88.55580703  0.022844313  0.005711078  7.656289589  1.914072397  0.009619017  1.7408853  
49  3  2.093551237  0  0.689311568  0.172327892  0  0  0.085155188  96.95965411  
49  5  15.39241229  0  58.44194121  14.6104853  0  0  0  11.5551612  
49  6  0  0  0  0  0  0  0  100  
49  7  27.38372248  0  24.1834638  6.045865949  0  0  0.439526053  41.94742172  
49  8  30.1461015  0  36.39180949  9.097952372  0  0  4.954755072  19.40938157  
49  9  46.60071147  0  18.88355995  4.720889987  0  0  0  29.7948386  
49  10  47.516632  0  13.33036018  3.332590045  0  0  0  35.82041777  
12  1  6.698658463  0  6.525061591  1.631265398  0  0  7.718852845  77.4261617  
12  2  3.659190921  82.56585872  1.181680987  0.295420247  7.302717881  1.82567947  0.001291102  3.168160666  
12  3  4.587062197  0  2.188407987  0.547101997  0  0  0.046491041  92.63093678  
12  5  17.13768957  0  53.64800577  13.41200144  0  0  0  15.80230321  
12  6  0  0  0  0  0  0  0  100  
12  7  26.86204138  0  32.08779236  8.02194809  0  0  0.557547935  32.47067023  
12  8  31.03695445  0  35.54619317  8.886548293  0  0  4.882476082  19.647828  
12  9  47.41624325  0  17.72472801  4.431182003  0  0  0  30.42784674  
12  10  40.92961505  0  5.235210334  1.308802584  0  0  0  52.52637203  
14  1  2.650569527  0  6.536447493  1.634111873  0  0  9.349966482  79.82890462  
14  2  50.99174439  26.27213741  15.22939022  3.807347556  2.308562024  0.577140506  0.026450962  0.787226931  
14  3  15.29782358  0  1.179720362  0.29493009  0  0  0.527114889  82.70041108  
14  5  23.07692308  0  36  9  0  0  0  31.92307692  
14  6  0  0  0  0  0  0  0  100  
14  7  27.38747246  0  28.56468975  7.141172436  0  0  0.537580144  36.36908522  
14  8  29.8893963  0  35.69022097  8.922555242  0  0  4.913910045  20.58391744  
14  9  49.64031621  0  14.56442592  3.64110648  0  0  0  32.15415139  
14  10  57.82691917  0  6.673933089  1.668483272  0  0  0  33.83066447  
250  1  3.826302549  0  6.737779127  1.684444782  0  0  9.330598352  78.42087519  
250  3  6.434022636  0  2.776403745  0.694100936  0  0  0.395490128  89.69998255  
250  5  15.39241229  0  58.44194121  14.6104853  0  0  0  11.5551612  
250  6  0  0  0  0  0  0  0  100  
250  7  27.4624101  0  37.90910975  9.477277437  0  0  0.687237979  24.46396473  
250  8  35.40274816  0  32.66035732  8.165089329  0  0  4.729341563  19.04246363  
250  9  47.60616432  0  17.45467056  4.363667641  0  0  0  30.57549748  
250  10  47.27677501  0  12.46268655  3.115671637  0  0  0  37.14486681  
219  1  3.826302549  0  6.737779127  1.684444782  0  0  9.330598352  78.42087519  
219  3  6.434022636  0  2.776403745  0.694100936  0  0  0.395490128  89.69998255  
219  5  15.39241229  0  58.44194121  14.6104853  0  0  0  11.5551612  
219  6  0  0  0  0  0  0  0  100  
219  7  27.4624101  0  37.90910975  9.477277437  0  0  0.687237979  24.46396473  
219  8  35.40274816  0  32.66035732  8.165089329  0  0  4.729341563  19.04246363  
219  9  47.60616432  0  17.45467056  4.363667641  0  0  0  30.57549748  
219  10  47.27677501  0  12.46268655  3.115671637  0  0  0  37.14486681  
13  1  3.053282335  0  24.64338241  6.160845603  0  0  3.209318256  62.93317139  
13  2  6.121125927  0  21.12375838  5.280939594  0  0  16.63662222  50.83755389  
13  3  18.879861  0  0.081900967  0.020475242  0  0  0.06769583  80.95006696  
13  5  15.39241229  0  58.44194121  14.6104853  0  0  0  11.5551612  
13  6  0  0  0  0  0  0  0  100  
13  7  27.94409677  0  19.80362169  4.950905422  0  0  0.337735095  46.96364102  
13  8  28.96374459  0  36.8693817  9.217345424  0  0  4.947112782  20.0024155  
13  9  47.96056344  0  16.95127485  4.237818713  0  0  0  30.85034299  
13  10  69.23076923  0  0  0  0  0  0  30.76923077  
214  1  3.826302549  0  6.737779127  1.684444782  0  0  9.330598352  78.42087519  
214  3  6.434022636  0  2.776403745  0.694100936  0  0  0.395490128  89.69998255  
214  5  15.39241229  0  58.44194121  14.6104853  0  0  0  11.5551612  
214  6  0  0  0  0  0  0  0  100  
214  7  27.4624101  0  37.90910975  9.477277437  0  0  0.687237979  24.46396473  
214  8  35.40274816  0  32.66035732  8.165089329  0  0  4.729341563  19.04246363  
214  9  47.60616432  0  17.45467056  4.363667641  0  0  0  30.57549748  
214  10  47.27677501  0  12.46268655  3.115671637  0  0  0  37.14486681  
15  1  12.47146231  0  7.972192103  1.993048026  0  0  4.644047406  72.91925016  
15  2  0.115342329  89.1613793  0.030783287  0.007695822  7.378724077  1.844681019  0.004460164  1.456933999  
15  3  5.273913932  0  2.141626263  0.535406566  0  0  0.549837243  91.499216  
15  5  15  0  59.9999968  14.9999992  0  0  0  10.000004  
15  6  0  0  0  0  0  0  0  100  
15  7  27.22400378  0  31.6691961  7.917299026  0  0  0.538427386  32.6510737  
15  8  31.41547979  0  32.43944355  8.109860887  0  0  9.935302825  18.09991295  
15  9  47.64396863  0  17.40114106  4.350285264  0  0  0  30.60460505  
15  10  50.05051869  0  9.617548211  2.404387053  0  0  0  37.92754605  
219  1  3.826302549  0  6.737779127  1.684444782  0  0  9.330598352  78.42087519  
219  3  6.434022636  0  2.776403745  0.694100936  0  0  0.395490128  89.69998255  
219  5  15.39241229  0  58.44194121  14.6104853  0  0  0  11.5551612  
219  6  0  0  0  0  0  0  0  100  
219  7  27.4624101  0  37.90910975  9.477277437  0  0  0.687237979  24.46396473  
219  8  35.40274816  0  32.66035732  8.165089329  0  0  4.729341563  19.04246363  
219  9  47.60616432  0  17.45467056  4.363667641  0  0  0  30.57549748  
219  10  47.27677501  0  12.46268655  3.115671637  0  0  0  37.14486681  
53  1  3.826302549  0  6.737779127  1.684444782  0  0  9.330598352  78.42087519  
53  3  6.434022636  0  2.776403745  0.694100936  0  0  0.395490128  89.69998255  
53  5  15.39241229  0  58.44194121  14.6104853  0  0  0  11.5551612  
53  6  0  0  0  0  0  0  0  100  
53  7  27.4624101  0  37.90910975  9.477277437  0  0  0.687237979  24.46396473  
53  8  35.40274816  0  32.66035732  8.165089329  0  0  4.729341563  19.04246363  
53  9  47.60616432  0  17.45467056  4.363667641  0  0  0  30.57549748  
53  10  47.27677501  0  12.46268655  3.115671637  0  0  0  37.14486681  
219  1  3.826302549  0  6.737779127  1.684444782  0  0  9.330598352  78.42087519  
219  3  6.434022636  0  2.776403745  0.694100936  0  0  0.395490128  89.69998255  
219  5  15.39241229  0  58.44194121  14.6104853  0  0  0  11.5551612  
219  6  0  0  0  0  0  0  0  100  
219  7  27.4624101  0  37.90910975  9.477277437  0  0  0.687237979  24.46396473  
219  8  35.40274816  0  32.66035732  8.165089329  0  0  4.729341563  19.04246363  
219  9  47.60616432  0  17.45467056  4.363667641  0  0  0  30.57549748  
219  10  47.27677501  0  12.46268655  3.115671637  0  0  0  37.14486681  
219  1  3.826302549  0  6.737779127  1.684444782  0  0  9.330598352  78.42087519  
219  3  6.434022636  0  2.776403745  0.694100936  0  0  0.395490128  89.69998255  
219  5  15.39241229  0  58.44194121  14.6104853  0  0  0  11.5551612  
219  6  0  0  0  0  0  0  0  100  
219  7  27.4624101  0  37.90910975  9.477277437  0  0  0.687237979  24.46396473  
219  8  35.40274816  0  32.66035732  8.165089329  0  0  4.729341563  19.04246363  
219  9  47.60616432  0  17.45467056  4.363667641  0  0  0  30.57549748  
219  10  47.27677501  0  12.46268655  3.115671637  0  0  0  37.14486681  
224  1  3.826302549  0  6.737779127  1.684444782  0  0  9.330598352  78.42087519  
224  3  6.434022636  0  2.776403745  0.694100936  0  0  0.395490128  89.69998255  
224  5  15.39241229  0  58.44194121  14.6104853  0  0  0  11.5551612  
224  6  0  0  0  0  0  0  0  100  
224  7  27.4624101  0  37.90910975  9.477277437  0  0  0.687237979  24.46396473  
224  8  35.40274816  0  32.66035732  8.165089329  0  0  4.729341563  19.04246363  
224  9  47.60616432  0  17.45467056  4.363667641  0  0  0  30.57549748  
224  10  47.27677501  0  12.46268655  3.115671637  0  0  0  37.14486681  
45  1  13.94826873  0  7.798583195  1.949645799  0  0  3.110774825  73.19272745  
45  2  2.708218657  84.32327315  1.01565216  0.25391304  7.242483569  1.810620892  0.001290097  2.644548433  
45  3  2.684163517  0  2.146890146  0.536722536  0  0  0.429731847  94.20249195  
45  5  15.17614304  0  59.47660042  14.86915011  0  0  0  10.47810644  
45  6  0  0  0  0  0  0  0  100  
45  7  25.62307499  0  40.10286964  10.02571741  0  0  0.740928396  23.50740957  
45  8  29.48773014  0  37.26912381  9.317280951  0  0  4.90483805  19.02102705  
45  9  47.59564037  0  17.46981321  4.367453302  0  0  0  30.56709312  
45  10  44.76746138  0  12.68370652  3.17092663  0  0  0  39.37790547  
16  1  25.7303526  0  7.724943075  1.931235769  0  0  0  64.61346856  
16  2  0.230561026  86.81955794  0.200264326  0.050066082  7.771572039  1.94289301  0.039085389  2.94600019  
16  3  3.532953012  0  0.533337451  0.133334363  0  0  0.099879236  95.70049594  
16  5  15.39241229  0  58.44194121  14.6104853  0  0  0  11.5551612  
16  6  0  0  0  0  0  0  0  100  
16  7  26.59586845  0  27.57144092  6.89286023  0  0  0.491787522  38.44804287  
16  8  27.18975995  0  33.92542061  8.481355152  0  0  4.557207953  25.84625634  
16  9  49.64031621  0  14.56442592  3.64110648  0  0  0  32.15415139  
16  10  69.84432504  0  0  0  0  0  0  30.15567496  
44  1  20.10276328  0  7.936332137  1.984083034  0  0  0.782467744  69.1943538  
44  2  1.098795823  86.03209515  0.421402379  0.105350595  7.845913516  1.961478379  0.001291339  2.533672824  
44  3  5.168423578  0  2.941736013  0.735434003  0  0  0.220737203  90.9336692  
44  5  23.07692308  0  36  9  0  0  0  31.92307692  
44  6  0  0  0  0  0  0  0  100  
44  7  27.07409427  0  32.65613616  8.164034041  0  0  0.611503793  31.49423174  
44  8  29.19323611  0  37.19381711  9.298454277  0  0  5.178942025  19.13555048  
44  9  47.62497623  0  17.42812834  4.357032085  0  0  0  30.58986334  
44  10  41.79548553  0  11.31706434  2.829266084  0  0  0  44.05818405  
224  1  3.826302549  0  6.737779127  1.684444782  0  0  9.330598352  78.42087519  
224  3  6.434022636  0  2.776403745  0.694100936  0  0  0.395490128  89.69998255  
224  5  15.39241229  0  58.44194121  14.6104853  0  0  0  11.5551612  
224  6  0  0  0  0  0  0  0  100  
224  7  27.4624101  0  37.90910975  9.477277437  0  0  0.687237979  24.46396473  
224  8  35.40274816  0  32.66035732  8.165089329  0  0  4.729341563  19.04246363  
224  9  47.60616432  0  17.45467056  4.363667641  0  0  0  30.57549748  
224  10  47.27677501  0  12.46268655  3.115671637  0  0  0  37.14486681  
41  1  32.17051283  0  6.482758189  1.620689547  0  0  5.894317404  53.83172203  
41  2  0.049137267  87.2768727  0.032103026  0.008025756  8.251836118  2.062959029  0.015731271  2.303334835  
41  3  3.77344494  0  0.759590619  0.189897655  0  0  0.075908671  95.20115812  
41  5  7.692307692  0  64  16  0  0  0  12.30769231  
41  6  0  0  0  0  0  0  0  100  
41  7  34.91231497  0  32.29510637  8.073776592  0  0  0.638542985  24.08025909  
41  8  29.67790755  0  36.93255144  9.233137861  0  0  4.994917781  19.16148537  
41  9  44.81126936  0  21.42627222  5.356568056  0  0  0  28.40589036  
41  10  47.33997246  0  13.4526175  3.363154374  0  0  0  35.84425567  
33  8  22.45880171  0  9.40699191  2.351747978  0  0  47.70599145  18.07646695  
52  1  2.616379727  0  6.377536132  1.594384033  0  0  9.972358531  79.43934158  
52  2  0.018920765  87.76674203  0.059520959  0.01488024  8.067432427  2.016858107  0.047569183  2.008076294  
52  3  3.239418725  0  1.0089663  0.252241575  0  0  1.778846251  93.72052715  
52  5  23.07692308  0  36  9  0  0  0  31.92307692  
52  6  0  0  0  0  0  0  0  100  
52  7  28.94511457  0  34.85600152  8.71400038  0  0  0.688748469  26.79613506  
52  8  30.82573636  0  35.73469054  8.933672635  0  0  4.99721379  19.50868667  
52  9  46.69793227  0  18.7454138  4.686353451  0  0  0  29.87030047  
52  10  46.78619894  0  13.31584992  3.328962479  0  0  0  36.56898867  
57  1  3.641457515  0  10.60159477  2.650398691  0  0  18.59642206  64.51012697  
57  2  0.420533031  62.18175998  0.158895685  0.039723921  9.045339628  2.261334907  0.048916095  25.84349676  
57  3  8.60989179  0  3.467080506  0.866770126  0  0  2.926359414  84.12989816  
57  5  15.39241229  0  58.44194121  14.6104853  0  0  0  11.5551612  
57  6  0  0  0  0  0  0  0  100  
57  7  28.09258641  0  23.77535592  5.94383898  0  0  0.445110782  41.74310791  
57  8  26.66831807  0  22.12457193  5.531142981  0  0  3.48086562  42.1951014  
57  9  49.64031621  0  14.56442592  3.64110648  0  0  0  32.15415139  
57  10  56.154276  0  10.87964237  2.719910593  0  0  0  30.24617104  
17  1  15.1596609  0  7.061844368  1.765461092  0  0  3.834162992  72.17887064  
17  2  0.368166052  87.63528886  0.063794646  0.015948662  7.815885189  1.953971297  0.019624895  2.127320399  
17  3  6.30096068  0  3.187243908  0.796810977  0  0  0.413302333  89.3016821  
17  5  15  0  59.9999968  14.9999992  0  0  0  10.000004  
17  6  0  0  0  0  0  0  0  100  
17  7  26.64988594  0  23.99406313  5.998515782  0  0  0.416571825  42.94096333  
17  8  31.4985101  0  34.27635802  8.569089504  0  0  4.75726128  20.8987811  
17  9  48.82961467  0  15.71639432  3.929098579  0  0  0  31.52489244  
17  10  48.65564755  0  3.349266606  0.837316651  0  0  0  47.15776919  
18  1  18.11623941  0  6.710902145  1.677725536  0  0  0.166536496  73.32859641  
18  2  0.015112072  88.35024324  0.018635271  0.004658818  7.966191502  1.991547876  0.004668251  1.648942974  
18  3  32.21754737  0  2.47064609  0.617661522  0  0  0.364995242  64.32914977  
18  5  14.9845176  0  60.0083838  15.00209595  0  0  0  10.00500265  
18  6  0  0  0  0  0  0  0  100  
18  7  25.03441289  0  30.36285948  7.590714869  0  0  0.524892083  36.48712069  
18  8  31.94713081  0  33.31042427  8.327606068  0  0  7.262659186  19.15217966  
18  9  48.09320311  0  16.76280018  4.190700046  0  0  0  30.95329666  
18  10  50.34134465  0  7.019188012  1.754797003  0  0  0  40.88467034  
31  8  47.33866702  0  18.62601836  4.65650459  0  0  20.84669122  8.532118815  
19  1  4.699821057  0  6.703082378  1.675770595  0  0  8.464021827  78.45730414  
19  2  36.66737789  39.54092262  13.71414948  3.42853737  3.754304919  0.93857623  0.001692319  1.954439176  
19  3  6.218909677  0  7.827685588  1.956921397  0  0  0.553865039  83.4426183  
19  5  14.46886934  0  52.95226881  13.2380672  0  0  0  19.34079464  
19  6  0  0  0  0  0  0  0  100  
19  7  27.37861665  0  29.86016537  7.465041343  0  0  0.548404916  34.74777172  
19  8  33.20835988  0  33.5963447  8.399086176  0  0  5.362617597  19.43359164  
19  9  47.40934794  0  17.73452591  4.433631478  0  0  0  30.42249467  
19  10  46.20042099  0  6.287202382  1.571800595  0  0  0  45.94057603  
20  1  8.318321155  0  7.265467331  1.816366833  0  0  7.576703079  75.0231416  
20  2  0.038691192  88.30422412  0.035295132  0.008823783  7.781440245  1.945360061  0.026034946  1.860130517  
20  3  9.305070885  0  0.821380897  0.205345224  0  0  0.048838953  89.61936404  
20  5  15.39241229  0  58.44194121  14.6104853  0  0  0  11.5551612  
20  6  0  0  0  0  0  0  0  100  
20  7  26.42679377  0  31.6710113  7.917752826  0  0  0.546391366  33.43805073  
20  8  31.39416948  0  32.47487442  8.118718605  0  0  8.802703236  19.20953426  
20  9  46.64507588  0  18.82052023  4.705130058  0  0  0  29.82927384  
20  10  49.48386559  0  13.14511886  3.286279714  0  0  0  34.08473584  
219  1  3.826302549  0  6.737779127  1.684444782  0  0  9.330598352  78.42087519  
219  3  6.434022636  0  2.776403745  0.694100936  0  0  0.395490128  89.69998255  
219  5  15.39241229  0  58.44194121  14.6104853  0  0  0  11.5551612  
219  6  0  0  0  0  0  0  0  100  
219  7  27.4624101  0  37.90910975  9.477277437  0  0  0.687237979  24.46396473  
219  8  35.40274816  0  32.66035732  8.165089329  0  0  4.729341563  19.04246363  
219  9  47.60616432  0  17.45467056  4.363667641  0  0  0  30.57549748  
219  10  47.27677501  0  12.46268655  3.115671637  0  0  0  37.14486681  
21  1  3.94987202  0  6.581449227  1.645362307  0  0  9.624906918  78.19840953  
21  2  0.052066459  88.05319545  0.005233441  0.00130836  8.051920131  2.012980033  0.000917718  1.82237841  
21  3  4.219324458  0  0.49004412  0.12251103  0  0  0.308703943  94.85941645  
21  5  17.87255828  0  51.46370732  12.86592683  0  0  0  17.79780757  
21  6  0  0  0  0  0  0  0  100  
21  7  26.89211326  0  36.20539095  9.051347737  0  0  0.671045878  27.18010217  
21  8  30.7435743  0  35.73018812  8.93254703  0  0  5.377194514  19.21649604  
21  9  46.65857321  0  18.80134116  4.700335289  0  0  0  29.83975034  
21  10  47.89475391  0  13.66545936  3.416364839  0  0  0  35.02342189  
61  1  2.63854333  0  6.452215973  1.613053993  0  0  9.02480529  80.27138141  
61  2  1.889309391  83.76613032  0.704809567  0.176202392  8.260382833  2.065095708  0.008724971  3.129344818  
61  3  5.864664017  0  2.153588992  0.538397248  0  0  0.140982331  91.30236741  
61  5  14.9504403  0  59.99153356  14.99788339  0  0  0  10.06014275  
61  6  0  0  0  0  0  0  0  100  
61  7  29.76835151  0  37.23188485  9.307971212  0  0  0.691731126  23.00006131  
61  8  44.23052134  0  28.58701346  7.146753364  0  0  1.965983272  18.06972857  
61  9  47.5969906  0  17.4678946  4.366973651  0  0  0  30.56814115  
61  10  45.43947062  0  13.62291045  3.405727612  0  0  0  37.53189132  
251  1  3.826302549  0  6.737779127  1.684444782  0  0  9.330598352  78.42087519  
251  3  6.434022636  0  2.776403745  0.694100936  0  0  0.395490128  89.69998255  
251  5  15.39241229  0  58.44194121  14.6104853  0  0  0  11.5551612  
251  6  0  0  0  0  0  0  0  100  
251  7  27.4624101  0  37.90910975  9.477277437  0  0  0.687237979  24.46396473  
251  8  35.40274816  0  32.66035732  8.165089329  0  0  4.729341563  19.04246363  
251  9  47.60616432  0  17.45467056  4.363667641  0  0  0  30.57549748  
251  10  47.27677501  0  12.46268655  3.115671637  0  0  0  37.14486681  
23  1  19.08318948  0  7.808641325  1.952160331  0  0  0.445797169  70.71021169  
23  2  0.008577643  85.82140682  0.022450023  0.005612506  7.397377659  1.849344415  0.014310596  4.880920343  
23  3  7.217027377  0  3.019678232  0.754919558  0  0  0.224313419  88.78406141  
23  5  23.07692308  0  36  9  0  0  0  31.92307692  
23  6  0  0  0  0  0  0  0  100  
23  7  24.07578053  0  16.15224903  4.038062257  0  0  0.28849997  55.44540821  
23  8  51.83449738  0  18.68762647  4.671906617  0  0  4.097065208  20.70890432  
23  9  49.64031621  0  14.56442592  3.64110648  0  0  0  32.15415139  
23  10  36.24851802  0  0.800414872  0.200103718  0  0  0  62.75096339  
47  1  8.037246304  0  6.735350768  1.683837692  0  0  6.612990972  76.93057426  
47  2  1.180422281  85.27521059  0.405490429  0.101372607  7.629718482  1.907429621  0.015622767  3.484733226  
47  3  5.26192832  0  3.655515868  0.913878967  0  0  1.101668122  89.06700872  
47  5  21.8315005  0  39.70068374  9.925170935  0  0  0  28.54264483  
47  6  0  0  0  0  0  0  0  100  
47  7  27.66435275  0  31.94374579  7.985936449  0  0  0.573907091  31.83205791  
47  8  33.91253123  0  33.21813586  8.304533965  0  0  4.638580031  19.92621892  
47  9  47.27228072  0  17.92929192  4.482322981  0  0  0  30.31610437  
47  10  41.88415227  0  7.505912006  1.876478002  0  0  0  48.73345772  
48  1  4.490953797  0  6.575934869  1.643983717  0  0  8.966744742  78.32238288  
48  2  0.01349933  89.32069439  0.019979278  0.00499482  6.618517771  1.654629443  0.004156576  2.363528391  
48  3  7.738752623  0  0.840264922  0.21006623  0  0  0.341769181  90.86914704  
48  5  23.07692308  0  36  9  0  0  0  31.92307692  
48  6  0  0  0  0  0  0  0  100  
48  7  25.94389781  0  25.61169321  6.402923303  0  0  0.444158764  41.59732691  
48  8  30.97907348  0  35.97905658  8.994764144  0  0  4.76504481  19.28206099  
48  9  47.05934653  0  18.2318613  4.557965326  0  0  0  30.15082684  
48  10  51.11634813  0  7.359554228  1.839888557  0  0  0  39.68420909  
219  1  3.826302549  0  6.737779127  1.684444782  0  0  9.330598352  78.42087519  
219  3  6.434022636  0  2.776403745  0.694100936  0  0  0.395490128  89.69998255  
219  5  15.39241229  0  58.44194121  14.6104853  0  0  0  11.5551612  
219  6  0  0  0  0  0  0  0  100  
219  7  27.4624101  0  37.90910975  9.477277437  0  0  0.687237979  24.46396473  
219  8  35.40274816  0  32.66035732  8.165089329  0  0  4.729341563  19.04246363  
219  9  47.60616432  0  17.45467056  4.363667641  0  0  0  30.57549748  
219  10  47.27677501  0  12.46268655  3.115671637  0  0  0  37.14486681  
95  1  3.826302549  0  6.737779127  1.684444782  0  0  9.330598352  78.42087519  
95  3  6.434022636  0  2.776403745  0.694100936  0  0  0.395490128  89.69998255  
95  5  15.39241229  0  58.44194121  14.6104853  0  0  0  11.5551612  
95  6  0  0  0  0  0  0  0  100  
95  7  27.4624101  0  37.90910975  9.477277437  0  0  0.687237979  24.46396473  
95  8  35.40274816  0  32.66035732  8.165089329  0  0  4.729341563  19.04246363  
95  9  47.60616432  0  17.45467056  4.363667641  0  0  0  30.57549748  
95  10  47.27677501  0  12.46268655  3.115671637  0  0  0  37.14486681  
224  1  3.826302549  0  6.737779127  1.684444782  0  0  9.330598352  78.42087519  
224  3  6.434022636  0  2.776403745  0.694100936  0  0  0.395490128  89.69998255  
224  5  15.39241229  0  58.44194121  14.6104853  0  0  0  11.5551612  
224  6  0  0  0  0  0  0  0  100  
224  7  27.4624101  0  37.90910975  9.477277437  0  0  0.687237979  24.46396473  
224  8  35.40274816  0  32.66035732  8.165089329  0  0  4.729341563  19.04246363  
224  9  47.60616432  0  17.45467056  4.363667641  0  0  0  30.57549748  
224  10  47.27677501  0  12.46268655  3.115671637  0  0  0  37.14486681  
25  1  1.981991488  0  6.404006  1.6010015  0  0  9.779064317  80.2339367  
25  2  8.56107622  78.21925454  2.337247659  0.584311915  7.00996591  1.752491478  0.008859401  1.526792879  
25  3  3.748998989  0  1.254409719  0.31360243  0  0  1.128359106  93.55462976  
25  5  17.86612388  0  51.48351555  12.87087889  0  0  0  17.77948168  
25  6  0  0  0  0  0  0  0  100  
25  7  30.00695043  0  29.52169522  7.380423805  0  0  0.569310977  32.52161957  
25  8  30.74078477  0  35.40471871  8.851179679  0  0  5.709099755  19.29421709  
25  9  46.96162776  0  18.37071504  4.592678759  0  0  0  30.07497845  
25  10  52.45296332  0  13.95913452  3.48978363  0  0  0  30.09811853  
40  1  1.300021433  0  6.492626126  1.623156531  0  0  9.616563882  80.96763203  
40  2  5.899541814  79.12189355  1.65822213  0.414555532  7.802287925  1.950571981  0.004029243  3.148897823  
40  3  6.944896268  0  3.485124732  0.871281183  0  0  0.092154822  88.606543  
40  5  13.24259019  0  60.93398903  15.23349726  0  0  0  10.58992352  
40  6  0  0  0  0  0  0  0  100  
40  7  31.12725042  0  30.46722405  7.616806012  0  0  0.586060154  30.20265936  
40  8  37.61059094  0  32.49947909  8.124869773  0  0  3.295946247  18.46911394  
40  9  46.4474047  0  19.10140158  4.775350396  0  0  0  29.67584332  
40  10  46.40326254  0  13.35067329  3.337668323  0  0  0  36.90839585  
94  1  3.826302549  0  6.737779127  1.684444782  0  0  9.330598352  78.42087519  
94  3  6.434022636  0  2.776403745  0.694100936  0  0  0.395490128  89.69998255  
