# PPM25 splits 
# Data based on information from TNO July 2018 -- this is the split file for scenario 1 (2011) with SNAP 2 split based on sector 21 and 22 data from Wood_combustion_paper_PM_split_information.xls (v3)
# Key-word, MASS_ASSUMED= 0 by default,
# change when emissions have artificial mass, e.g. 46 for NOx as NO2
# Biomass burning emissions, IE_BB = 101 (not used here)
# : MASS_ASSUMED 0
99  99  POM_F_FFUEL  POM_F_WOOD  EC_F_FFUEL_NEW  EC_F_FFUEL_AGE  EC_F_WOOD_NEW  EC_F_WOOD_AGE  PSO4F  REMPPM25  #HEADERS
#DATA                    
1  1  1.851019861  0  4.474495694  1.118623924  0  0  5.673345049  86.88251547  
1  2  1.673293422  36.64760346  1.277717447  0.319429362  40.95915957  10.23978989  0.850768267  8.032238583  
1  3  6.265324923  0  2.220527811  0.555131953  0  0  1.671848337  89.28716698  
1  5  23.07692308  0  36  9  0  0  0  31.92307692  
1  6  0  0  0  0  0  0  0  100  
1  7  21.65775723  0  54.00786976  13.50196744  0  0  0.934259729  9.898145845  
1  8  30.71203966  0  35.90542681  8.976356704  0  0  4.93304891  19.47312791  
1  9  45.93377433  0  19.83124596  4.95781149  0  0  0  29.27716822  
1  10  48.55736022  0  13.03564096  3.258910239  0  0  0  35.14808858  
56  1  3.826302549  0  6.737779127  1.684444782  0  0  9.330598352  78.42087519  
56  2  0.220104338  39.1073846  0.340936143  0.085234036  41.73746504  10.43436626  0.000246965  8.074262625  
56  3  6.434022636  0  2.776403745  0.694100936  0  0  0.395490128  89.69998255  
56  5  15.39241229  0  58.44194121  14.6104853  0  0  0  11.5551612  
56  6  0  0  0  0  0  0  0  100  
56  7  27.4624101  0  37.90910975  9.477277437  0  0  0.687237979  24.46396473  
56  8  35.40274816  0  32.66035732  8.165089329  0  0  4.729341563  19.04246363  
56  9  47.60616432  0  17.45467056  4.363667641  0  0  0  30.57549748  
56  10  47.27677501  0  12.46268655  3.115671637  0  0  0  37.14486681  
32  8  22.4616355  0  9.415682212  2.353920553  0  0  47.69182248  18.07693925  
2  1  18.1867786  0  7.922431076  1.980607769  0  0  1.679832788  70.23034976  
2  2  0.946813523  38.51459532  1.0361221  0.259030525  34.39764274  8.599410684  0.257771642  15.98861347  
2  3  4.848395179  0  3.226055669  0.806513917  0  0  0.604483903  90.51455133  
2  5  15.00163459  0  59.99513973  14.99878493  0  0  0  10.00444075  
2  6  0  0  0  0  0  0  0  100  
2  7  25.82820871  0  34.39918839  8.599797099  0  0  0.616451332  30.55635446  
2  8  32.6231412  0  34.38762542  8.596906355  0  0  4.551971479  19.84035554  
2  9  47.92341496  0  17.00406109  4.251015271  0  0  0  30.82150869  
2  10  37.03316163  0  1.162566861  0.290641715  0  0  0  61.5136298  
69  1  3.826302549  0  6.737779127  1.684444782  0  0  9.330598352  78.42087519  
69  2  0.535965012  38.69684329  0.830196469  0.207549117  41.29931368  10.32482842  0.000601371  8.104702638  
69  3  6.434022636  0  2.776403745  0.694100936  0  0  0.395490128  89.69998255  
69  5  15.39241229  0  58.44194121  14.6104853  0  0  0  11.5551612  
69  6  0  0  0  0  0  0  0  100  
69  7  27.4624101  0  37.90910975  9.477277437  0  0  0.687237979  24.46396473  
69  8  35.40274816  0  32.66035732  8.165089329  0  0  4.729341563  19.04246363  
69  9  47.60616432  0  17.45467056  4.363667641  0  0  0  30.57549748  
69  10  47.27677501  0  12.46268655  3.115671637  0  0  0  37.14486681  
30  8  36.95201138  0  14.78905615  3.697264037  0  0  32.04265488  12.51901355  
3  1  19.16289141  0  8.498172879  2.12454322  0  0  2.406481614  67.80791088  
3  2  8.648883613  33.72819371  4.345154078  1.086288519  32.0592356  8.0148089  0.145901097  11.97153448  
3  3  6.442837824  0  4.079058914  1.019764729  0  0  0.252216369  88.20612216  
3  5  15  0  59.9999968  14.9999992  0  0  0  10.000004  
3  6  0  0  0  0  0  0  0  100  
3  7  24.26818738  0  40.08620024  10.02155006  0  0  0.70829947  24.91576285  
3  8  33.53620461  0  32.15369873  8.038424682  0  0  6.675117018  19.59655496  
3  9  48.29794166  0  16.47187643  4.117969107  0  0  0  31.11221281  
3  10  58.93578938  0  3.25256732  0.81314183  0  0  0  36.99850147  
4  1  3.041323574  0  6.388591494  1.597147874  0  0  9.857160405  79.11577665  
4  2  5.570770564  32.06219603  9.861834549  2.465458637  35.83672732  8.95918183  0.008017678  5.23581339  
4  3  2.972701944  0  0.782769303  0.195692326  0  0  0.12259146  95.92624497  
4  5  22.64254074  0  37.2716364  9.317909099  0  0  0  30.76791376  
4  6  0  0  0  0  0  0  0  100  
4  7  27.9652526  0  38.27041658  9.567604145  0  0  0.724654873  23.4720718  
4  8  30.50918677  0  35.91116078  8.977790196  0  0  5.03439645  19.5674658  
4  9  47.43949404  0  17.69168974  4.422922434  0  0  0  30.44589379  
4  10  45.89288122  0  13.10899506  3.277248766  0  0  0  37.72087495  
50  1  1.461568195  0  6.486983497  1.621745874  0  0  9.908277152  80.52142528  
50  2  0.029270173  38.9192259  0.111553015  0.027888254  43.5845969  10.89614922  0.110584789  6.320731749  
50  3  4.533416323  0  1.329129623  0.332282406  0  0  2.663864518  91.14130713  
50  5  23.07692308  0  36  9  0  0  0  31.92307692  
50  6  0  0  0  0  0  0  0  100  
50  7  21.98115623  0  52.4520957  13.11302392  0  0  0.905362355  11.54836179  
50  8  27.94401681  0  38.67745088  9.669362719  0  0  4.998200615  18.71096898  
50  9  46.12427545  0  19.56055291  4.890138227  0  0  0  29.42503341  
50  10  50.40488768  0  11.25602819  2.814007047  0  0  0  35.52507708  
39  1  8.861649025  0  4.861166611  1.215291653  0  0  4.219601764  80.84229095  
39  2  21.13514094  24.75347512  9.49030691  2.372576727  27.48199795  6.870499488  0.040994921  7.855007939  
39  3  1.226248592  0  0.719771833  0.179942958  0  0  0.173304026  97.70073259  
39  5  14.98936938  0  60.00581567  15.00145392  0  0  0  10.00336103  
39  6  0  0  0  0  0  0  0  100  
39  7  31.09094108  0  35.26565252  8.816413131  0  0  0.666276633  24.16071664  
39  8  31.57106145  0  35.67433396  8.918583489  0  0  4.673268318  19.16275279  
39  9  45.65127273  0  20.23266731  5.058166829  0  0  0  29.05789312  
39  10  47.44876316  0  13.20201345  3.300503362  0  0  0  36.04872003  
34  8  22.73422607  0  10.25162661  2.562906652  0  0  46.32886966  18.12237101  
24  1  10.37846575  0  6.133324455  1.533331114  0  0  3.566004084  78.3888746  
24  2  8.103180319  24.40482038  12.51606471  3.129016179  18.60541137  4.651352842  0.167865225  28.42228897  
24  3  4.64069964  0  0.448890464  0.112222616  0  0  0.161992984  94.6361943  
24  5  15.39241229  0  58.44194121  14.6104853  0  0  0  11.5551612  
24  6  0  0  0  0  0  0  0  100  
24  7  27.15042278  0  32.24649161  8.061622902  0  0  0.560268059  31.98119466  
24  8  30.36840051  0  35.94779684  8.986949209  0  0  4.701221305  19.99563214  
24  9  46.76458478  0  18.60589545  4.651473862  0  0  0  29.97804591  
24  10  58.82858094  0  8.708425219  2.177106305  0  0  0  30.28588754  
55  1  3.6811527  0  8.214510372  2.053627593  0  0  19.46823332  66.58247602  
55  2  1.374496693  28.77871406  2.015847105  0.503961776  20.83225744  5.20806436  0.349830453  40.93682812  
55  3  3.399613488  0  0.352498952  0.088124738  0  0  0.214846386  95.94491644  
55  5  15.39241229  0  58.44194121  14.6104853  0  0  0  11.5551612  
55  6  0  0  0  0  0  0  0  100  
55  7  25.55335413  0  40.08108176  10.02027044  0  0  0.707444702  23.63784897  
55  8  24.2401928  0  36.72799193  9.181997982  0  0  4.565824459  25.28399283  
55  9  49.64031621  0  14.56442592  3.64110648  0  0  0  32.15415139  
55  10  59.7794681  0  7.863482541  1.965870635  0  0  0  30.39117872  
46  1  4.84074559  0  6.491630275  1.622907569  0  0  8.691644657  78.35307191  
46  2  14.18132624  28.32646624  12.45620933  3.114052332  27.94215798  6.985539494  0.007059982  6.987188414  
46  3  5.394980349  0  6.575311752  1.643827938  0  0  2.197325114  84.18855485  
46  5  18.49882792  0  44.50668374  11.12667093  0  0  0  25.86781741  
46  6  0  0  0  0  0  0  0  100  
46  7  29.13154425  0  37.13701322  9.284253305  0  0  0.660524957  23.78666427  
46  8  31.70903457  0  35.23221802  8.808054505  0  0  4.762873019  19.48781989  
46  9  47.52131052  0  17.57543239  4.393858099  0  0  0  30.50939898  
46  10  47.36452741  0  11.45298268  2.863245671  0  0  0  38.31924423  
60  1  10.35575811  0  6.758210568  1.689552642  0  0  6.165066061  75.03141262  
60  2  5.597290771  37.41371921  8.774956679  2.19373917  27.14354619  6.785886548  0.091383639  11.99947779  
60  3  6.307174949  0  3.632782702  0.908195676  0  0  0.394608112  88.75723856  
60  5  19.5640566  0  45.58222437  11.39555609  0  0  0  23.45816293  
60  6  0  0  0  0  0  0  0  100  
60  7  26.84943983  0  30.90889733  7.727224334  0  0  0.556990538  33.95744796  
60  8  31.14280331  0  35.50545115  8.876362786  0  0  4.442344063  20.03303869  
60  9  48.59472937  0  16.05015518  4.012538796  0  0  0  31.34257666  
60  10  50.10910732  0  0.443030788  0.110757697  0  0  0  49.3371042  
6  1  8.421285501  0  6.769155898  1.692288975  0  0  6.981192878  76.13607675  
6  2  0.649001937  39.00775656  1.248080614  0.312020154  38.49790684  9.62447671  0.012213563  10.64854362  
6  3  6.11524027  0  6.260077363  1.565019341  0  0  0.408825988  85.65083704  
6  5  15  0  59.9999968  14.9999992  0  0  0  10.000004  
6  6  0  0  0  0  0  0  0  100  
6  7  25.22942747  0  35.68423062  8.921057656  0  0  0.625754806  29.53952944  
6  8  34.41052257  0  32.78392328  8.195980819  0  0  4.939431101  19.67014223  
6  9  48.56932443  0  16.08625438  4.021563596  0  0  0  31.32285759  
6  10  53.6693394  0  1.631740971  0.407935243  0  0  0  44.29098438  
224  1  3.826302549  0  6.737779127  1.684444782  0  0  9.330598352  78.42087519  
224  3  6.434022636  0  2.776403745  0.694100936  0  0  0.395490128  89.69998255  
224  5  15.39241229  0  58.44194121  14.6104853  0  0  0  11.5551612  
224  6  0  0  0  0  0  0  0  100  
224  7  27.4624101  0  37.90910975  9.477277437  0  0  0.687237979  24.46396473  
224  8  35.40274816  0  32.66035732  8.165089329  0  0  4.729341563  19.04246363  
224  9  47.60616432  0  17.45467056  4.363667641  0  0  0  30.57549748  
224  10  47.27677501  0  12.46268655  3.115671637  0  0  0  37.14486681  
237  1  3.826302549  0  6.737779127  1.684444782  0  0  9.330598352  78.42087519  
237  3  6.434022636  0  2.776403745  0.694100936  0  0  0.395490128  89.69998255  
237  5  15.39241229  0  58.44194121  14.6104853  0  0  0  11.5551612  
237  6  0  0  0  0  0  0  0  100  
237  7  27.4624101  0  37.90910975  9.477277437  0  0  0.687237979  24.46396473  
237  8  35.40274816  0  32.66035732  8.165089329  0  0  4.729341563  19.04246363  
237  9  47.60616432  0  17.45467056  4.363667641  0  0  0  30.57549748  
237  10  47.27677501  0  12.46268655  3.115671637  0  0  0  37.14486681  
22  1  6.688250357  0  6.967514102  1.741878525  0  0  8.104348638  76.49800838  
22  2  4.409509231  36.21597855  5.057002166  1.264250541  33.93832878  8.484582194  0.090639587  10.53970895  
22  3  5.542750106  0  1.84270992  0.46067748  0  0  0.570067293  91.5837952  
22  5  9.185529337  0  63.18265697  15.79566424  0  0  0  11.83614945  
22  6  0  0  0  0  0  0  0  100  
22  7  25.55586184  0  39.15521949  9.788804871  0  0  0.681033532  24.81908027  
22  8  31.11608047  0  34.74329653  8.685824132  0  0  6.132318252  19.32248062  
22  9  48.80546153  0  15.75071478  3.937678696  0  0  0  31.50614499  
22  10  49.59472422  0  13.36360739  3.340901848  0  0  0  33.70076654  
43  1  3.130946988  0  6.384583757  1.596145939  0  0  9.87429476  79.01402856  
43  2  0.134779903  41.85730767  0.253969591  0.063492398  39.52647557  9.881618893  0.002780437  8.279575533  
43  3  2.565993169  0  2.994627353  0.748656838  0  0  0.125402872  93.56531977  
43  5  17.45278537  0  52.71172125  13.17793031  0  0  0  16.65756307  
43  6  0  0  0  0  0  0  0  100  
43  7  25.97808327  0  37.31865056  9.329662641  0  0  0.673573775  26.70002975  
43  8  29.45136458  0  37.34039781  9.335099452  0  0  4.90127554  18.97186262  
43  9  47.694596  0  17.32920196  4.33230049  0  0  0  30.64390155  
43  10  43.34033223  0  11.73803714  2.934509285  0  0  0  41.98712135  
7  1  12.0420109  0  7.0557005  1.763925125  0  0  3.86274443  75.27561905  
7  2  0.731160096  42.8729016  0.775950517  0.193987629  34.34752146  8.586880365  0.204294726  12.28730361  
7  3  2.90001725  0  3.542984646  0.885746161  0  0  1.163776577  91.50747537  
7  5  23.07692308  0  36  9  0  0  0  31.92307692  
7  6  0  0  0  0  0  0  0  100  
7  7  23.3140792  0  33.31879111  8.329697777  0  0  0.602964117  34.4344678  
7  8  36.29745622  0  31.00229073  7.750572682  0  0  5.538933677  19.41074669  
7  9  47.13647386  0  18.12226702  4.530566756  0  0  0  30.21069236  
7  10  34.3854897  0  0.300631204  0.075157801  0  0  0  65.23872129  
8  1  6.370614627  0  6.948942297  1.737235574  0  0  8.528603577  76.41460392  
8  2  0.706811046  40.76481831  1.24081679  0.310204198  40.18751402  10.0468785  0.035560452  6.707396683  
8  3  8.146776027  0  1.714861543  0.428715386  0  0  0.290600011  89.41904703  
8  5  7.692307692  0  64  16  0  0  0  12.30769231  
8  6  0  0  0  0  0  0  0  100  
8  7  24.59447173  0  39.30998624  9.82749656  0  0  0.688706328  25.57933914  
8  8  31.81296074  0  34.36301569  8.590753922  0  0  4.864574117  20.36869554  
8  9  48.05831899  0  16.81236886  4.203092216  0  0  0  30.92621993  
8  10  44.66554222  0  3.713048051  0.928262013  0  0  0  50.69314771  
27  1  16.77054586  0  8.756751671  2.189187918  0  0  3.417108503  68.86640604  
27  2  18.56145224  21.116693  19.46608112  4.866520281  18.52516771  4.631291929  0.349931259  12.48286246  
27  3  10.11630924  0  7.048561698  1.762140425  0  0  2.720531613  78.35245702  
27  5  14.51907092  0  60.2632424  15.0658106  0  0  0  10.15187608  
27  6  0  0  0  0  0  0  0  100  
27  7  25.59257119  0  31.95328509  7.988321273  0  0  0.558978839  33.90684361  
27  8  29.71165607  0  35.99682014  8.999205035  0  0  6.405342643  18.88697612  
27  9  48.27379865  0  16.50618249  4.126545624  0  0  0  31.09347323  
27  10  51.16390429  0  3.326632127  0.831658032  0  0  0  44.67780556  
54  1  3.826302549  0  6.737779127  1.684444782  0  0  9.330598352  78.42087519  
54  2  20.8183244  12.33475694  32.24706655  8.061766638  13.16430367  3.291075918  0.023358885  10.05934699  
54  3  6.434022636  0  2.776403745  0.694100936  0  0  0.395490128  89.69998255  
54  5  15.39241229  0  58.44194121  14.6104853  0  0  0  11.5551612  
54  6  0  0  0  0  0  0  0  100  
54  7  27.4624101  0  37.90910975  9.477277437  0  0  0.687237979  24.46396473  
54  8  35.40274816  0  32.66035732  8.165089329  0  0  4.729341563  19.04246363  
54  9  47.60616432  0  17.45467056  4.363667641  0  0  0  30.57549748  
54  10  47.27677501  0  12.46268655  3.115671637  0  0  0  37.14486681  
11  1  1.891885157  0  7.168509642  1.79212741  0  0  10.53692368  78.61055411  
11  2  0.143867741  41.96303532  0.144018831  0.036004708  40.91313728  10.22828432  0.025040821  6.546610987  
11  3  6.300682395  0  0.630398135  0.157599534  0  0  0.343730219  92.56758972  
11  5  22.9866007  0  36.26838646  9.067096614  0  0  0  31.67791623  
11  6  0  0  0  0  0  0  0  100  
11  7  30.64754317  0  29.820747  7.455186751  0  0  0.515748153  31.56077492  
11  8  33.35867172  0  31.05914511  7.764786278  0  0  9.419987547  18.39740934  
11  9  47.36328998  0  17.79997208  4.449993021  0  0  0  30.38674491  
11  10  48.30178436  0  13.79319999  3.448299998  0  0  0  34.45671565  
601  1  3.826302549  0  6.737779127  1.684444782  0  0  9.330598352  78.42087519  
601  3  6.434022636  0  2.776403745  0.694100936  0  0  0.395490128  89.69998255  
601  5  15.39241229  0  58.44194121  14.6104853  0  0  0  11.5551612  
601  6  0  0  0  0  0  0  0  100  
601  7  27.4624101  0  37.90910975  9.477277437  0  0  0.687237979  24.46396473  
601  8  35.40274816  0  32.66035732  8.165089329  0  0  4.729341563  19.04246363  
601  9  47.60616432  0  17.45467056  4.363667641  0  0  0  30.57549748  
601  10  47.27677501  0  12.46268655  3.115671637  0  0  0  37.14486681  
49  1  2.548612065  0  5.187053572  1.296763393  0  0  7.878945349  83.08862562  
49  2  0.752559323  42.04599575  0.286704991  0.071676248  39.91901282  9.979753204  0.044573371  6.899724295  
49  3  2.100202005  0  1.056721716  0.264180429  0  0  0.276273149  96.3026227  
49  5  15.39241229  0  58.44194121  14.6104853  0  0  0  11.5551612  
49  6  0  0  0  0  0  0  0  100  
49  7  26.97845713  0  31.14155769  7.785389423  0  0  0.573118776  33.52147698  
49  8  29.987486  0  36.58494297  9.146235743  0  0  4.949995963  19.33133932  
49  9  46.64055448  0  18.82694492  4.706736231  0  0  0  29.82576437  
49  10  47.46831146  0  13.36002428  3.340006069  0  0  0  35.8316582  
12  1  5.747641891  0  6.60636621  1.651591553  0  0  8.440390296  77.55401005  
12  2  4.872700839  34.93311217  7.784910706  1.946227676  34.44416511  8.611041278  0.003934568  7.40390765  
12  3  5.148581359  0  2.697625379  0.674406345  0  0  0.057502377  91.42188454  
12  5  16.91073697  0  54.32237913  13.58059478  0  0  0  15.18628911  
12  6  0  0  0  0  0  0  0  100  
12  7  28.35817723  0  34.26604618  8.566511546  0  0  0.625701322  28.18356372  
12  8  31.26198093  0  35.42517977  8.856294943  0  0  4.883020666  19.57352368  
12  9  47.42288537  0  17.71528987  4.428822468  0  0  0  30.43300229  
12  10  40.69967154  0  5.276354746  1.319088686  0  0  0  52.70488502  
14  1  2.92417251  0  6.746235709  1.686558927  0  0  9.585439529  79.05759332  
14  2  30.31756409  5.934692321  44.84888397  11.21222099  5.031801316  1.257950329  0.051871823  1.345015152  
14  3  15.4521415  0  1.120964007  0.280241002  0  0  0.506752059  82.63990143  
14  5  22.69288391  0  36.69895129  9.174737823  0  0  0  31.43342698  
14  6  0  0  0  0  0  0  0  100  
14  7  26.84845074  0  29.67389988  7.418474969  0  0  0.542042339  35.51713207  
14  8  30.11425291  0  35.7969893  8.949247325  0  0  4.94229184  20.19721862  
14  9  49.64031621  0  14.56442592  3.64110648  0  0  0  32.15415139  
14  10  57.85328418  0  6.629454319  1.65736358  0  0  0  33.85989793  
250  1  3.826302549  0  6.737779127  1.684444782  0  0  9.330598352  78.42087519  
250  3  6.434022636  0  2.776403745  0.694100936  0  0  0.395490128  89.69998255  
250  5  15.39241229  0  58.44194121  14.6104853  0  0  0  11.5551612  
250  6  0  0  0  0  0  0  0  100  
250  7  27.4624101  0  37.90910975  9.477277437  0  0  0.687237979  24.46396473  
250  8  35.40274816  0  32.66035732  8.165089329  0  0  4.729341563  19.04246363  
250  9  47.60616432  0  17.45467056  4.363667641  0  0  0  30.57549748  
250  10  47.27677501  0  12.46268655  3.115671637  0  0  0  37.14486681  
219  1  3.826302549  0  6.737779127  1.684444782  0  0  9.330598352  78.42087519  
219  3  6.434022636  0  2.776403745  0.694100936  0  0  0.395490128  89.69998255  
219  5  15.39241229  0  58.44194121  14.6104853  0  0  0  11.5551612  
219  6  0  0  0  0  0  0  0  100  
219  7  27.4624101  0  37.90910975  9.477277437  0  0  0.687237979  24.46396473  
219  8  35.40274816  0  32.66035732  8.165089329  0  0  4.729341563  19.04246363  
219  9  47.60616432  0  17.45467056  4.363667641  0  0  0  30.57549748  
219  10  47.27677501  0  12.46268655  3.115671637  0  0  0  37.14486681  
13  1  4.101397797  0  32.55912565  8.139781412  0  0  4.051354086  51.14834106  
13  2  5.596212231  0  20.66792013  5.166980032  0  0  18.21156947  50.35731814  
13  3  18.7299693  0  0.103887507  0.025971877  0  0  0.085912164  81.05425916  
13  5  15.39241229  0  58.44194121  14.6104853  0  0  0  11.5551612  
13  6  0  0  0  0  0  0  0  100  
13  7  27.60218025  0  26.3721807  6.593045175  0  0  0.461464858  38.97112902  
13  8  28.04298648  0  37.83584828  9.45896207  0  0  4.956086967  19.7061162  
13  9  47.99478149  0  16.90265263  4.225663159  0  0  0  30.87690272  
13  10  69.23076923  0  0  0  0  0  0  30.76923077  
214  1  3.826302549  0  6.737779127  1.684444782  0  0  9.330598352  78.42087519  
214  3  6.434022636  0  2.776403745  0.694100936  0  0  0.395490128  89.69998255  
214  5  15.39241229  0  58.44194121  14.6104853  0  0  0  11.5551612  
214  6  0  0  0  0  0  0  0  100  
214  7  27.4624101  0  37.90910975  9.477277437  0  0  0.687237979  24.46396473  
214  8  35.40274816  0  32.66035732  8.165089329  0  0  4.729341563  19.04246363  
214  9  47.60616432  0  17.45467056  4.363667641  0  0  0  30.57549748  
214  10  47.27677501  0  12.46268655  3.115671637  0  0  0  37.14486681  
15  1  10.69445093  0  7.750781719  1.93769543  0  0  5.860957872  73.75611404  
15  2  1.427430857  54.80986123  2.087309558  0.521827389  28.37718088  7.094295219  0.029616987  5.652477887  
15  3  4.857904608  0  1.63518498  0.408796245  0  0  0.329672101  92.76844207  
15  5  14.990245  0  60.00533638  15.0013341  0  0  0  10.00308452  
15  6  0  0  0  0  0  0  0  100  
15  7  28.72257796  0  36.0193787  9.004844675  0  0  0.618387375  25.63481129  
15  8  31.24248377  0  32.81054856  8.20263714  0  0  9.596889186  18.14744134  
15  9  47.61745753  0  17.43881206  4.359703014  0  0  0  30.58402739  
15  10  49.8998759  0  9.693084987  2.423271247  0  0  0  37.98376787  
219  1  3.826302549  0  6.737779127  1.684444782  0  0  9.330598352  78.42087519  
219  3  6.434022636  0  2.776403745  0.694100936  0  0  0.395490128  89.69998255  
219  5  15.39241229  0  58.44194121  14.6104853  0  0  0  11.5551612  
219  6  0  0  0  0  0  0  0  100  
219  7  27.4624101  0  37.90910975  9.477277437  0  0  0.687237979  24.46396473  
219  8  35.40274816  0  32.66035732  8.165089329  0  0  4.729341563  19.04246363  
219  9  47.60616432  0  17.45467056  4.363667641  0  0  0  30.57549748  
219  10  47.27677501  0  12.46268655  3.115671637  0  0  0  37.14486681  
53  1  3.826302549  0  6.737779127  1.684444782  0  0  9.330598352  78.42087519  
53  3  6.434022636  0  2.776403745  0.694100936  0  0  0.395490128  89.69998255  
53  5  15.39241229  0  58.44194121  14.6104853  0  0  0  11.5551612  
53  6  0  0  0  0  0  0  0  100  
53  7  27.4624101  0  37.90910975  9.477277437  0  0  0.687237979  24.46396473  
53  8  35.40274816  0  32.66035732  8.165089329  0  0  4.729341563  19.04246363  
53  9  47.60616432  0  17.45467056  4.363667641  0  0  0  30.57549748  
53  10  47.27677501  0  12.46268655  3.115671637  0  0  0  37.14486681  
219  1  3.826302549  0  6.737779127  1.684444782  0  0  9.330598352  78.42087519  
219  3  6.434022636  0  2.776403745  0.694100936  0  0  0.395490128  89.69998255  
219  5  15.39241229  0  58.44194121  14.6104853  0  0  0  11.5551612  
219  6  0  0  0  0  0  0  0  100  
219  7  27.4624101  0  37.90910975  9.477277437  0  0  0.687237979  24.46396473  
219  8  35.40274816  0  32.66035732  8.165089329  0  0  4.729341563  19.04246363  
219  9  47.60616432  0  17.45467056  4.363667641  0  0  0  30.57549748  
219  10  47.27677501  0  12.46268655  3.115671637  0  0  0  37.14486681  
219  1  3.826302549  0  6.737779127  1.684444782  0  0  9.330598352  78.42087519  
219  3  6.434022636  0  2.776403745  0.694100936  0  0  0.395490128  89.69998255  
219  5  15.39241229  0  58.44194121  14.6104853  0  0  0  11.5551612  
219  6  0  0  0  0  0  0  0  100  
219  7  27.4624101  0  37.90910975  9.477277437  0  0  0.687237979  24.46396473  
219  8  35.40274816  0  32.66035732  8.165089329  0  0  4.729341563  19.04246363  
219  9  47.60616432  0  17.45467056  4.363667641  0  0  0  30.57549748  
219  10  47.27677501  0  12.46268655  3.115671637  0  0  0  37.14486681  
224  1  3.826302549  0  6.737779127  1.684444782  0  0  9.330598352  78.42087519  
224  3  6.434022636  0  2.776403745  0.694100936  0  0  0.395490128  89.69998255  
224  5  15.39241229  0  58.44194121  14.6104853  0  0  0  11.5551612  
224  6  0  0  0  0  0  0  0  100  
224  7  27.4624101  0  37.90910975  9.477277437  0  0  0.687237979  24.46396473  
224  8  35.40274816  0  32.66035732  8.165089329  0  0  4.729341563  19.04246363  
224  9  47.60616432  0  17.45467056  4.363667641  0  0  0  30.57549748  
224  10  47.27677501  0  12.46268655  3.115671637  0  0  0  37.14486681  
45  1  12.77707115  0  7.416883522  1.854220881  0  0  4.509280131  73.44254431  
45  2  7.030620498  33.00485298  13.16147107  3.290367766  26.88334402  6.720836004  0.007114668  9.901393007  
45  3  2.720851973  0  1.995743658  0.498935914  0  0  0.120388824  94.66407963  
45  5  15.17101607  0  59.49183483  14.87295871  0  0  0  10.46419039  
45  6  0  0  0  0  0  0  0  100  
45  7  26.36393954  0  41.66919148  10.41729787  0  0  0.783994036  20.76557708  
45  8  29.77467049  0  37.05328247  9.263320618  0  0  4.886210665  19.02251575  
45  9  47.62414157  0  17.42931435  4.357328589  0  0  0  30.58921548  
45  10  44.97950426  0  12.57376678  3.143441696  0  0  0  39.30328726  
16  1  30.6599535  0  7.488322232  1.872080558  0  0  0  59.97964371  
16  2  0.554606421  41.57164254  0.607198366  0.151799592  38.81737958  9.704344896  0.084407979  8.508620623  
16  3  3.399836317  0  0.435398841  0.10884971  0  0  0.113666693  95.94224844  
16  5  15.39241229  0  58.44194121  14.6104853  0  0  0  11.5551612  
16  6  0  0  0  0  0  0  0  100  
16  7  25.75905283  0  36.95327691  9.238319228  0  0  0.670045719  27.37930531  
16  8  27.36339637  0  34.93658125  8.734145312  0  0  4.655416365  24.31046071  
16  9  49.64031621  0  14.56442592  3.64110648  0  0  0  32.15415139  
16  10  69.8371887  0  0  0  0  0  0  30.1628113  
44  1  20.67314569  0  7.894483746  1.973620937  0  0  1.511726359  67.94702327  
44  2  2.014227074  38.8332349  3.823938644  0.955984661  37.23980961  9.309952403  0.003570947  7.819281757  
44  3  5.406284272  0  2.881766792  0.720441698  0  0  0.257500957  90.73400628  
44  5  23.07692308  0  36  9  0  0  0  31.92307692  
44  6  0  0  0  0  0  0  0  100  
44  7  25.02036714  0  41.46556812  10.36639203  0  0  0.738473192  22.40919952  
44  8  29.6107539  0  36.95391124  9.23847781  0  0  5.159654064  19.03720298  
44  9  47.65223173  0  17.38939957  4.347349893  0  0  0  30.6110188  
44  10  42.27127696  0  11.1208002  2.780200051  0  0  0  43.82772279  
224  1  3.826302549  0  6.737779127  1.684444782  0  0  9.330598352  78.42087519  
224  3  6.434022636  0  2.776403745  0.694100936  0  0  0.395490128  89.69998255  
224  5  15.39241229  0  58.44194121  14.6104853  0  0  0  11.5551612  
224  6  0  0  0  0  0  0  0  100  
224  7  27.4624101  0  37.90910975  9.477277437  0  0  0.687237979  24.46396473  
224  8  35.40274816  0  32.66035732  8.165089329  0  0  4.729341563  19.04246363  
224  9  47.60616432  0  17.45467056  4.363667641  0  0  0  30.57549748  
224  10  47.27677501  0  12.46268655  3.115671637  0  0  0  37.14486681  
41  1  27.74473545  0  6.744475423  1.686118856  0  0  9.080479171  54.7441911  
41  2  6.840976063  30.13408466  10.58555674  2.646389184  33.59490635  8.398726588  0.044098038  7.755262382  
41  3  3.748678767  0  0.741342508  0.185335627  0  0  0.068123656  95.25651944  
41  5  7.692307692  0  64  16  0  0  0  12.30769231  
41  6  0  0  0  0  0  0  0  100  
41  7  34.40749951  0  34.02422042  8.506055105  0  0  0.673347338  22.38887762  
41  8  29.53580804  0  37.08568091  9.271420227  0  0  4.995396358  19.11169446  
41  9  44.90805596  0  21.28874306  5.322185765  0  0  0  28.48101521  
41  10  47.31714245  0  13.46664729  3.366661823  0  0  0  35.84954844  
33  8  22.45892078  0  9.407357074  2.351839268  0  0  47.70539608  18.0764868  
52  1  2.656465215  0  6.379222352  1.594805588  0  0  10.00915702  79.36034982  
52  2  0.916752757  37.58370057  1.536144483  0.384036121  42.01256643  10.50314161  0.178143763  6.885514278  
52  3  3.190603084  0  0.994063095  0.248515774  0  0  1.66113827  93.90567978  
52  5  23.07692308  0  36  9  0  0  0  31.92307692  
52  6  0  0  0  0  0  0  0  100  
52  7  29.02577083  0  37.89113636  9.472784091  0  0  0.752913126  22.85739559  
52  8  30.79753723  0  35.77472434  8.943681086  0  0  4.998338273  19.48571906  
52  9  46.76371855  0  18.65193462  4.662983656  0  0  0  29.92136317  
52  10  46.90200848  0  13.24714277  3.311785692  0  0  0  36.53906306  
57  1  3.608897536  0  9.893997379  2.473499345  0  0  18.91309295  65.11051279  
57  2  0.276770189  35.68363217  0.142627607  0.035656902  23.65262534  5.913156335  0.031491891  34.26403957  
57  3  8.621157982  0  3.566516623  0.891629156  0  0  3.012089545  83.90860669  
57  5  15.39241229  0  58.44194121  14.6104853  0  0  0  11.5551612  
57  6  0  0  0  0  0  0  0  100  
57  7  29.17667334  0  27.85985197  6.964962992  0  0  0.555266528  35.44324517  
57  8  27.88016884  0  25.67989103  6.419972758  0  0  3.881080615  36.13888675  
57  9  49.64031621  0  14.56442592  3.64110648  0  0  0  32.15415139  
57  10  56.35473421  0  10.71286114  2.678215285  0  0  0  30.25418937  
17  1  16.73755761  0  6.848332351  1.712083088  0  0  3.784458025  70.91756893  
17  2  1.256152989  40.47662793  0.472803877  0.118200969  37.33862149  9.334655372  0.148922864  10.85401451  
17  3  6.468930021  0  3.396980301  0.849245075  0  0  0.426842352  88.85800225  
17  5  15  0  59.9999968  14.9999992  0  0  0  10.000004  
17  6  0  0  0  0  0  0  0  100  
17  7  25.71345601  0  34.26891102  8.567227756  0  0  0.606054208  30.84435101  
17  8  30.46199304  0  35.57552624  8.893881561  0  0  4.846123277  20.22247588  
17  9  48.81678382  0  15.73462634  3.933656585  0  0  0  31.51493325  
17  10  49.07952581  0  3.28029012  0.82007253  0  0  0  46.82011154  
18  1  18.60654759  0  7.046831393  1.761707848  0  0  0.112427635  72.47248553  
18  2  0.009485102  39.83312984  0.013553512  0.003388378  43.18783214  10.79695803  0.004388752  6.151264249  
18  3  32.78289265  0  2.45516443  0.613791107  0  0  0.294826146  63.85332567  
18  5  14.98277307  0  60.00932883  15.00233221  0  0  0  10.00556589  
18  6  0  0  0  0  0  0  0  100  
18  7  25.14679886  0  35.38964859  8.847412148  0  0  0.624404841  29.99173556  
18  8  31.29189663  0  34.15840565  8.539601413  0  0  6.930136609  19.0799597  
18  9  48.13050836  0  16.70979119  4.177447796  0  0  0  30.98225265  
18  10  49.35779542  0  7.384668544  1.846167136  0  0  0  41.4113689  
31  8  36.9447156  0  14.8145655  3.703641376  0  0  32.0095069  12.52757061  
19  1  3.176095562  0  6.593827323  1.648456831  0  0  9.49461741  79.08700288  
19  2  22.1743199  4.704537646  41.44705284  10.36176321  4.628496928  1.157124232  0.003729469  15.52297578  
19  3  6.83740067  0  9.004349227  2.251087307  0  0  0.95262038  80.95454242  
19  5  14.16729722  0  53.58469191  13.39617298  0  0  0  18.85183789  
19  6  0  0  0  0  0  0  0  100  
19  7  26.73278151  0  35.49982278  8.874955694  0  0  0.648165232  28.24427479  
19  8  33.73498691  0  33.30068593  8.325171483  0  0  5.151660346  19.48749533  
19  9  47.40308838  0  17.74342045  4.435855113  0  0  0  30.41763606  
19  10  46.57941291  0  6.183738949  1.545934737  0  0  0  45.69091341  
20  1  9.159814379  0  7.313970155  1.828492539  0  0  7.412992651  74.28473028  
20  2  0.11663998  42.01276056  0.171110707  0.042777677  40.38395602  10.095989  0.144209491  7.032556564  
20  3  9.322230418  0  0.812850236  0.203212559  0  0  0.046575293  89.6151315  
20  5  15.39241229  0  58.44194121  14.6104853  0  0  0  11.5551612  
20  6  0  0  0  0  0  0  0  100  
20  7  26.67813105  0  35.51343772  8.878359431  0  0  0.624600809  28.30547099  
20  8  31.39370683  0  33.24923763  8.312309409  0  0  7.872872321  19.17187381  
20  9  46.63873821  0  18.82952575  4.707381439  0  0  0  29.8243546  
20  10  49.37748752  0  13.38904469  3.347261172  0  0  0  33.88620662  
219  1  3.826302549  0  6.737779127  1.684444782  0  0  9.330598352  78.42087519  
219  3  6.434022636  0  2.776403745  0.694100936  0  0  0.395490128  89.69998255  
219  5  15.39241229  0  58.44194121  14.6104853  0  0  0  11.5551612  
219  6  0  0  0  0  0  0  0  100  
219  7  27.4624101  0  37.90910975  9.477277437  0  0  0.687237979  24.46396473  
219  8  35.40274816  0  32.66035732  8.165089329  0  0  4.729341563  19.04246363  
219  9  47.60616432  0  17.45467056  4.363667641  0  0  0  30.57549748  
219  10  47.27677501  0  12.46268655  3.115671637  0  0  0  37.14486681  
21  1  3.5865548  0  6.531645491  1.632911373  0  0  9.881074002  78.36781433  
21  2  0.396336091  38.84119503  0.118263769  0.029565942  43.38105666  10.84526417  0.002797335  6.385521  
21  3  4.117330342  0  0.458744084  0.114686021  0  0  0.246006672  95.06323288  
21  5  17.91658548  0  51.33289626  12.83322407  0  0  0  17.91729419  
21  6  0  0  0  0  0  0  0  100  
21  7  26.30246351  0  39.51865175  9.879662938  0  0  0.727148624  23.57207317  
21  8  30.90654914  0  35.70545724  8.926364309  0  0  5.275669318  19.18596  
21  9  46.67093896  0  18.78377001  4.695942504  0  0  0  29.84934852  
21  10  48.05794507  0  13.56359287  3.390898217  0  0  0  34.98756385  
61  1  3.12192312  0  6.555882256  1.638970564  0  0  9.05163795  79.63158611  
61  2  4.741301405  31.90501447  8.76251864  2.19062966  34.62907333  8.657268332  0.02390746  9.090286705  
61  3  5.922382981  0  2.322321077  0.580580269  0  0  0.152330914  91.02238476  
61  5  14.9500702  0  59.99147036  14.99786759  0  0  0  10.06059186  
61  6  0  0  0  0  0  0  0  100  
61  7  29.8580857  0  39.29677675  9.824194188  0  0  0.735575738  20.28536762  
61  8  44.20869129  0  28.62701136  7.156752839  0  0  1.964795394  18.04274912  
61  9  47.62490382  0  17.42823123  4.357057808  0  0  0  30.58980713  
61  10  45.43947062  0  13.62291045  3.405727612  0  0  0  37.53189132  
251  1  3.826302549  0  6.737779127  1.684444782  0  0  9.330598352  78.42087519  
251  3  6.434022636  0  2.776403745  0.694100936  0  0  0.395490128  89.69998255  
251  5  15.39241229  0  58.44194121  14.6104853  0  0  0  11.5551612  
251  6  0  0  0  0  0  0  0  100  
251  7  27.4624101  0  37.90910975  9.477277437  0  0  0.687237979  24.46396473  
251  8  35.40274816  0  32.66035732  8.165089329  0  0  4.729341563  19.04246363  
251  9  47.60616432  0  17.45467056  4.363667641  0  0  0  30.57549748  
251  10  47.27677501  0  12.46268655  3.115671637  0  0  0  37.14486681  
23  1  18.79398582  0  7.801144937  1.950286234  0  0  0.697484016  70.75709899  
23  2  0.117918509  38.65839962  0.36081739  0.090204347  29.12223608  7.280559019  0.27734809  24.09251695  
23  3  7.161490473  0  3.041465046  0.760366261  0  0  0.252603452  88.78407477  
23  5  23.07692308  0  36  9  0  0  0  31.92307692  
23  6  0  0  0  0  0  0  0  100  
23  7  23.78123747  0  27.08605829  6.771514574  0  0  0.484035047  41.87715461  
23  8  47.06684169  0  22.65908142  5.664770356  0  0  4.267492795  20.34181374  
23  9  49.64031621  0  14.56442592  3.64110648  0  0  0  32.15415139  
23  10  36.8631842  0  0.785467802  0.196366951  0  0  0  62.15498105  
47  1  7.146479349  0  6.576409332  1.644102333  0  0  7.943411252  76.68959773  
47  2  3.916175962  23.63999529  6.579132524  1.644783131  24.71798226  6.179495564  0.029079056  33.29335621  
47  3  5.647392688  0  4.302606284  1.075651571  0  0  1.094061995  87.88028746  
47  5  21.86214452  0  39.60962722  9.902406806  0  0  0  28.62582145  
47  6  0  0  0  0  0  0  0  100  
47  7  27.04921653  0  37.75530173  9.438825433  0  0  0.687203325  25.06945297  
47  8  34.26045566  0  33.04237102  8.260592755  0  0  4.600641693  19.83593887  
47  9  47.25312393  0  17.95651281  4.489128202  0  0  0  30.30123506  
47  10  41.62062332  0  7.578243626  1.894560907  0  0  0  48.90657214  
48  1  3.631071038  0  6.508054839  1.62701371  0  0  9.438154575  78.79570584  
48  2  0.062851098  44.69514229  0.100155189  0.025038797  36.50031045  9.125077612  0.0206714  9.470753165  
48  3  7.520591099  0  0.910306447  0.227576612  0  0  0.33851748  91.00300836  
48  5  23.07692308  0  36  9  0  0  0  31.92307692  
48  6  0  0  0  0  0  0  0  100  
48  7  26.50915326  0  29.45926048  7.364815119  0  0  0.532601584  36.13416956  
48  8  31.59588783  0  35.4958185  8.873954624  0  0  4.720713641  19.31362541  
48  9  47.02336917  0  18.28298342  4.570745856  0  0  0  30.12290155  
48  10  51.38312472  0  7.251167835  1.812791959  0  0  0  39.55291549  
219  1  3.826302549  0  6.737779127  1.684444782  0  0  9.330598352  78.42087519  
219  3  6.434022636  0  2.776403745  0.694100936  0  0  0.395490128  89.69998255  
219  5  15.39241229  0  58.44194121  14.6104853  0  0  0  11.5551612  
219  6  0  0  0  0  0  0  0  100  
219  7  27.4624101  0  37.90910975  9.477277437  0  0  0.687237979  24.46396473  
219  8  35.40274816  0  32.66035732  8.165089329  0  0  4.729341563  19.04246363  
219  9  47.60616432  0  17.45467056  4.363667641  0  0  0  30.57549748  
219  10  47.27677501  0  12.46268655  3.115671637  0  0  0  37.14486681  
95  1  3.826302549  0  6.737779127  1.684444782  0  0  9.330598352  78.42087519  
95  3  6.434022636  0  2.776403745  0.694100936  0  0  0.395490128  89.69998255  
95  5  15.39241229  0  58.44194121  14.6104853  0  0  0  11.5551612  
95  6  0  0  0  0  0  0  0  100  
95  7  27.4624101  0  37.90910975  9.477277437  0  0  0.687237979  24.46396473  
95  8  35.40274816  0  32.66035732  8.165089329  0  0  4.729341563  19.04246363  
95  9  47.60616432  0  17.45467056  4.363667641  0  0  0  30.57549748  
95  10  47.27677501  0  12.46268655  3.115671637  0  0  0  37.14486681  
224  1  3.826302549  0  6.737779127  1.684444782  0  0  9.330598352  78.42087519  
224  3  6.434022636  0  2.776403745  0.694100936  0  0  0.395490128  89.69998255  
224  5  15.39241229  0  58.44194121  14.6104853  0  0  0  11.5551612  
224  6  0  0  0  0  0  0  0  100  
224  7  27.4624101  0  37.90910975  9.477277437  0  0  0.687237979  24.46396473  
224  8  35.40274816  0  32.66035732  8.165089329  0  0  4.729341563  19.04246363  
224  9  47.60616432  0  17.45467056  4.363667641  0  0  0  30.57549748  
224  10  47.27677501  0  12.46268655  3.115671637  0  0  0  37.14486681  
25  1  2.034010102  0  6.394635178  1.598658794  0  0  9.819526285  80.15316964  
25  2  14.23863835  24.1240879  19.36794588  4.84198647  26.65633441  6.664083603  0.029842069  4.077081311  
25  3  3.926687545  0  1.387782657  0.346945664  0  0  1.070111588  93.26847255  
25  5  18.08146913  0  50.84363262  12.71090815  0  0  0  18.3639901  
25  6  0  0  0  0  0  0  0  100  
25  7  29.91108802  0  34.98013864  8.745034661  0  0  0.678359554  25.68537912  
25  8  30.72080523  0  35.50611562  8.876528904  0  0  5.569790183  19.32676007  
25  9  47.00107208  0  18.31466652  4.57866663  0  0  0  30.10559477  
25  10  52.28803903  0  14.09635153  3.524087883  0  0  0  30.09152156  
40  1  1.216479441  0  6.507746962  1.626936741  0  0  9.685118617  80.96371824  
40  2  8.581428985  28.75909353  12.03304997  3.008262491  31.21123563  7.802808908  0.009840151  8.594280336  
40  3  6.764588826  0  3.246057298  0.811514325  0  0  0.086933579  89.09090597  
40  5  13.1777999  0  60.96842245  15.24210561  0  0  0  10.61167204  
40  6  0  0  0  0  0  0  0  100  
40  7  32.14795659  0  33.08435016  8.271087541  0  0  0.625025494  25.87158021  
40  8  37.8283998  0  32.38531274  8.096328185  0  0  3.248224604  18.44173467  
40  9  46.65673186  0  18.80395764  4.700989409  0  0  0  29.8383211  
40  10  46.30709793  0  13.40691519  3.351728797  0  0  0  36.93425808  
94  1  3.826302549  0  6.737779127  1.684444782  0  0  9.330598352  78.42087519  
