# VOC splits                         
# Data based on information from TNO July 2018  -- this is the split file for scenario 1 (2011) with SNAP 2 split based on biofuel emission fraction data from Wood_combustion_paper_PM_split_information_v3.xls combined with VOC-split data for fossil fuel (split into natural gas, oil and coal) from Passant 2002(gas and coal), Hays et al. 2008 (oil),  and the national fuel splits from various sources -- the VOC split for wood combustion is a simplified split based on a number of publications (simplified to have the same split for all countries regardless of actual forest composition)                        
# Key-word, MASS_ASSUMED= 0 by default,                        
# change when emissions have artifical mass, e.g. 46 for Nox as NO2                        
# Biomass burning emissions, IE_BB = 101 (not used here)                        
: MASS_ASSUMED 0                        
99 99 C2H6 NC4H10 C2H4 C3H6 C5H8 OXYL WOXYL CH3OH C2H5OH HCHO CH3CHO MEK GLYOX MGLYOX BENZENE WBENZ TOLUENE WTOL MACR APINENE SQT_SOA_NV UNREAC #HEADERS
#DATA 
1 2 16.91958351 2.196825834 16.96681066 5.987224038 0.49539804 0.140299958 10.89875688 20.80671768 1.089875688 2.105559761 5.002153717 0.803690772 3.424758545 0.02854872 0.026663757 6.935572558 0.008964618 1.387114512 1.98159216 0.297238824 0.033687067 2.462962706 
56 2 16.65388578 7.864826836 15.82359536 6.127986766 0.438620663 0.512949565 9.649654582 18.42206784 0.964965458 2.661508958 4.387824857 0.702164381 2.984503391 0.000959003 0.771483968 6.14068928 0.452756687 1.228137856 1.754482651 0.263172398 0.029826205 2.16393751 
2 2 17.34466857 4.965157654 16.56447209 6.368266458 0.460030708 0.54770279 10.12067557 19.32128972 1.012067557 2.010088139 4.620538708 0.740691507 3.151749246 0.011989773 0.377088307 6.440429907 0.230455979 1.288085981 1.840122831 0.276018425 0.031282088 2.277127997 
69 2 14.96180733 9.839090879 14.99205302 5.290632645 0.438620663 0.089852302 9.649654582 18.42206784 0.964965458 3.937430961 4.417058267 0.708872315 3.018517809 0.018283457 1.068854139 6.14068928 0.590062249 1.228137856 1.754482651 0.263172398 0.029826205 2.17586769 
3 2 17.62765791 7.1329541 16.24434886 6.646143173 0.431802475 0.899262967 9.499654455 18.13570396 0.949965446 1.98155338 4.333439861 0.69442113 2.95419302 0.009135381 0.652386926 6.045234653 0.401500685 1.209046931 1.727209901 0.259081485 0.029362568 2.135940727 
4 2 17.33068878 3.655339644 16.79034332 6.278854621 0.476518316 0.330125009 10.48340295 20.01376926 1.048340295 1.906200878 4.765183158 0.762429305 3.240324548 0 0.207372356 6.671256421 0.131024017 1.334251284 1.906073263 0.285910989 0.032403245 2.350188334 
50 2 17.00322641 2.016827289 16.99783095 6.002758783 0.499763128 0.003302257 10.99478883 20.99005139 1.099478883 1.999136235 4.997632961 0.79962139 3.398391224 9.93848E-07 0.002111282 6.996683798 0.001330717 1.39933676 1.999052514 0.299857877 0.033983893 2.464832434 
39 2 17.66896794 5.88211724 16.48059149 6.595890271 0.446091515 0.744155798 9.814013334 18.73584364 0.981401333 1.853825488 4.466074167 0.714930218 3.039425055 0.003057362 0.48881927 6.245281213 0.305874479 1.249056243 1.784366061 0.267654909 0.030334223 2.202228752 
24 2 16.55337802 7.263214855 16.0140788 6.129562032 0.432084179 1.041633614 9.505851927 18.1475355 0.950585193 2.843146495 4.523654784 0.737872403 3.174154677 0.120192083 0.691895033 6.049178499 0.381369929 1.2098357 1.728336714 0.259250507 0.029381724 2.213807332 
55 2 14.85003317 7.262216796 16.11266992 5.658429594 0.37696477 3.750975063 8.293224935 15.83252033 0.829322494 4.822182111 5.057580488 0.898674255 4.061929539 0.763261354 0.712866124 5.277506777 0.239672628 1.055501355 1.507859079 0.226178862 0.025633604 2.384796748 
46 2 18.05005893 8.059453289 16.18661231 6.92977164 0.416362889 1.138475992 9.159983553 17.48724133 0.915998355 1.761568322 4.163628888 0.666180622 2.831267644 0 0.762986969 5.829080443 0.478429012 1.165816089 1.665451555 0.249817733 0.028312676 2.053501767 
60 2 15.57251629 9.969116273 15.21510328 5.705063844 0.418509431 0.795692194 9.207207489 17.57739612 0.920720749 3.654162157 4.349512493 0.707342685 3.037172256 0.097438347 1.068479395 5.859132039 0.588818808 1.171826408 1.674037725 0.251105659 0.028458641 2.131187719 
6 2 16.30800088 4.563242647 16.35848737 5.772448402 0.477255947 0.149982627 10.49963084 20.04474978 1.049963084 2.683228641 4.824057425 0.775426298 3.305260681 0.030518983 0.349344803 6.681583259 0.187828232 1.336316652 1.909023788 0.286353568 0.032453404 2.374842691 
22 2 16.68698769 4.46841769 16.4657687 5.966402224 0.475386891 0.194778091 10.4585116 19.96624942 1.04585116 2.400848064 4.770849251 0.764515355 3.252388268 0.010062977 0.32845992 6.655416474 0.18737908 1.331083295 1.901547564 0.285232135 0.032326309 2.351537839 
43 2 17.02257817 2.126055468 16.98333034 6.019793109 0.498243863 0.024247128 10.96136499 20.92624225 1.096136499 1.994621066 4.982515124 0.797207733 3.388147273 4.53321E-05 0.015853289 6.975414083 0.009949165 1.395082817 1.992975452 0.298946318 0.033880583 2.45736995 
7 2 17.29097139 3.785515037 16.76936903 6.275611247 0.473671866 0.411827543 10.42078106 19.89421838 1.042078106 1.96295704 4.763247949 0.763962428 3.251836737 0.015721922 0.224779751 6.631406128 0.137686617 1.326281226 1.894687465 0.28420312 0.032209687 2.346976269 
8 2 17.00096601 2.682144479 16.8774538 6.040360581 0.491927353 0.092259888 10.82240177 20.66094884 1.082240177 2.053647112 4.924057982 0.788181611 3.350672929 0.002835385 0.088647106 6.886982946 0.052420314 1.377396589 1.967709413 0.295156412 0.03345106 2.428138244 
27 2 17.34831311 17.9869016 14.16512116 7.08322784 0.31373314 1.973841197 6.902129077 13.17679187 0.690212908 2.96150465 3.145608688 0.503872341 2.143016359 0.00490533 2.071591657 4.392263958 1.243296209 0.878452792 1.254932559 0.188239884 0.021333854 1.550709815 
54 2 14.96180733 9.839090879 14.99205302 5.290632645 0.438620663 0.089852302 9.649654582 18.42206784 0.964965458 3.937430961 4.417058267 0.708872315 3.018517809 0.018283457 1.068854139 6.14068928 0.590062249 1.228137856 1.754482651 0.263172398 0.029826205 2.17586769 
11 2 16.96326723 2.431225495 16.92557947 6.015939199 0.493566866 0.122973141 10.85847104 20.72980835 1.085847104 2.078618325 4.964132831 0.796238409 3.389374065 0.016868586 0.056471188 6.909936117 0.029837185 1.381987223 1.974267462 0.296140119 0.033562547 2.445888036 
49 2 16.96435965 2.343566153 16.92778068 5.999707748 0.496477564 0.029792206 10.92250641 20.8520577 1.092250641 2.050414453 4.966895686 0.794850571 3.378514206 0.001256391 0.04552897 6.9506859 0.026168074 1.39013718 1.985910257 0.297886539 0.033760474 2.449492539 
12 2 17.19892606 3.364535344 16.80608659 6.188088152 0.481708167 0.240005962 10.59757967 20.231743 1.059757967 1.970855794 4.817081667 0.770733067 3.275615534 0 0.172728069 6.743914334 0.107459352 1.348782867 1.926832667 0.2890249 0.032756155 2.375784678 
14 2 19.99212581 18.67767782 14.80142846 8.626142762 0.266838159 3.24244774 5.870439507 11.2072027 0.587043951 1.293209468 2.688653575 0.431592689 1.838086868 0.012013686 2.097149241 3.735734232 1.315147138 0.747146846 1.067352638 0.160102896 0.018144995 1.324318816 
15 2 17.25942698 5.089450072 16.50655841 6.317776952 0.461309308 0.461681633 10.14880478 19.37499095 1.014880478 2.059286674 4.613581573 0.738206983 3.137471677 0.000289491 0.39569531 6.458330317 0.241823632 1.291666063 1.845237233 0.276785585 0.031369033 2.275376862 
45 2 17.23905662 3.237898352 16.84091159 6.203908004 0.482551354 0.243611477 10.61612979 20.26715687 1.061612979 1.93532604 4.825617224 0.772105958 3.281469849 6.1446E-05 0.155275324 6.755718955 0.097909076 1.351143791 1.930205416 0.289530812 0.032813492 2.379985591 
16 2 15.11707204 8.893431481 15.28766027 5.39180849 0.436540378 0.506774573 9.60388832 18.33469588 0.960388832 3.88007349 4.539409628 0.738392198 3.170938386 0.103120239 0.93937719 6.111565295 0.500750682 1.222313059 1.746161513 0.261924227 0.029684746 2.224029084 
44 2 17.09814078 2.525289345 16.93152394 6.084634477 0.492646779 0.101794855 10.83822915 20.69116474 1.083822915 1.974679553 4.926467795 0.788234847 3.3499981 0 0.065970316 6.897054913 0.041527434 1.379410983 1.970587118 0.295588068 0.033499981 2.429733916 
41 2 17.17766695 2.980341238 16.87072278 6.154914579 0.48634376 0.188119748 10.69956273 20.42643794 1.069956273 1.956470687 4.863606105 0.778188681 3.307333629 9.98578E-05 0.123249637 6.808812646 0.07744136 1.361762529 1.945375042 0.291806256 0.033071376 2.398716192 
52 2 17.03082049 2.156944164 16.98005172 6.026205643 0.497770237 0.031549458 10.95094522 20.90634996 1.095094522 1.991575834 4.977853933 0.796467157 3.385013962 8.98191E-05 0.019671237 6.968783321 0.012400533 1.393756664 1.991080949 0.298662142 0.033848376 2.455064662 
57 2 14.09742619 9.104282931 15.80205545 5.538861111 0.333895653 5.064023234 7.345704361 14.02361742 0.734570436 5.810101517 5.077736835 0.933215686 4.293641388 1.030444928 0.962408588 4.674539139 0.323571268 0.934907828 1.335582611 0.200337392 0.022704904 2.356371131 
17 2 12.27905569 20.32837201 12.27905569 4.333784363 0.361148697 0 7.945271331 15.16824527 0.794527133 6.4432417 3.611486969 0.577837915 2.455811139 0 2.499323456 5.056081756 1.388513031 1.011216351 1.444594788 0.216689218 0.024558111 1.781185373 
18 2 16.8054467 2.630508055 16.85653668 5.948216938 0.491858124 0.151775444 10.82087872 20.6580412 1.082087872 2.215426084 4.970694774 0.798931033 3.40527174 0.030883791 0.085787835 6.886013734 0.041332959 1.377202747 1.967432495 0.295114874 0.033446352 2.447111846 
19 2 20.53736982 19.81217997 14.73872809 8.989315713 0.247530279 3.547459081 5.445666128 10.3962717 0.544566613 1.005487516 2.476660869 0.396360073 1.684786087 0.000804834 2.231900983 3.4654239 1.409558647 0.69308478 0.990121114 0.148518167 0.016832059 1.221373569 
20 2 16.75920013 2.930324634 16.76106068 5.915626633 0.492829531 0.005527233 10.84224969 20.69884032 1.084224969 2.227812073 4.930193142 0.788962728 3.353449023 0.0011247 0.126855511 6.899613439 0.070244874 1.379922688 1.971318126 0.295697719 0.033512408 2.431409754 
21 2 17.01381128 2.143952707 16.97748915 6.015773716 0.498173977 0.02219107 10.9598275 20.92330705 1.09598275 2.001617334 4.981739773 0.797078364 3.387583046 0 0.018396035 6.974435682 0.011283252 1.394887136 1.992695909 0.298904386 0.03387583 2.456994056 
61 2 17.10022748 2.605873778 16.91744907 6.090383726 0.491686754 0.11259576 10.8171086 20.65084369 1.08171086 1.97948694 4.917131537 0.786759383 3.343777098 0.000156449 0.07640033 6.883614562 0.047770497 1.376722912 1.966747018 0.295012053 0.033434699 2.425106808 
23 2 14.52930118 11.15682953 14.70747653 5.186867133 0.418893659 0.529313986 9.215660507 17.5935337 0.921566051 4.438068843 4.370681561 0.711933276 3.059945521 0.107706637 1.247994082 5.864511232 0.671264927 1.172902246 1.675574638 0.251336196 0.028484769 2.140153809 
47 2 17.10138194 3.150912939 16.81743611 6.12098521 0.485531461 0.173477206 10.68169213 20.39232134 1.068169213 2.018842749 4.855314605 0.776850337 3.301613932 0 0.147296906 6.797440448 0.090143361 1.35948809 1.942125842 0.291318876 0.033016139 2.394641163 
48 2 16.8723932 2.447435869 16.89578233 5.964619355 0.494806351 0.080435591 10.88573972 20.78186674 1.088573972 2.138060139 4.975040364 0.797880303 3.396071998 0.015987162 0.060811473 6.927288915 0.030598483 1.385457783 1.979225404 0.296883811 0.033646832 2.451394201 
25 2 17.85511527 6.338802547 16.44713455 6.72429679 0.438620663 0.860208299 9.649654582 18.42206784 0.964965458 1.761763232 4.386206628 0.701793061 2.982620507 0 0.543825157 6.14068928 0.343339917 1.228137856 1.754482651 0.263172398 0.029826205 2.163277109 
40 2 17.61170885 6.216206899 16.40001222 6.579509889 0.443521159 0.740401927 9.757465489 18.62788866 0.975746549 1.911898915 4.435243977 0.709641286 3.015981567 1.91958E-05 0.53377423 6.20929622 0.33200738 1.241859244 1.774084634 0.266112695 0.030159439 2.187459573 
51 2 17.36764144 3.870856679 16.7613217 6.31171788 0.473546405 0.370570172 10.41802092 19.88894903 1.041802092 1.898010137 4.735503372 0.757683271 3.220161305 2.33007E-05 0.234518414 6.629649676 0.148032734 1.325929935 1.894185622 0.284127843 0.032201156 2.335546917 
