# VOC splits                         
# Data based on information from TNO July 2018  -- this is the split file for scenario 2(2011) with SNAP 2 split based on biofuel emission fraction data from Wood_combustion_paper_PM_split_information_v3.xls combined with VOC-split data for fossil fuel (split into natural gas, oil and coal)  from Passant 2002(gas and coal), Hays et al. 2008 (oil),  and the national fuel splits from various sources -- the VOC split for wood combustion is a simplified split based on a number of publications (simplified to have the same split for all countries regardless of actual forest composition)                        
# Key-word, MASS_ASSUMED= 0 by default,                        
# change when emissions have artifical mass, e.g. 46 for Nox as NO2                        
# Biomass burning emissions, IE_BB = 101 (not used here)                        
: MASS_ASSUMED 0                        
99 99 C2H6 NC4H10 C2H4 C3H6 C5H8 OXYL WOXYL CH3OH C2H5OH HCHO CH3CHO MEK GLYOX MGLYOX BENZENE WBENZ TOLUENE WTOL MACR APINENE SQT_SOA_NV UNREAC #HEADERS
#DATA          
1 2 16.91958351 2.196825834 16.96681066 5.987224038 0.49539804 0.140299958 10.89875688 20.80671768 1.089875688 2.105559761 5.002153717 0.803690772 3.424758545 0.02854872 0.026663757 6.935572558 0.008964618 1.387114512 1.98159216 0.297238824 0.033687067 2.462962706 
56 2 16.65388578 7.864826836 15.82359536 6.127986766 0.438620663 0.512949565 9.649654582 18.42206784 0.964965458 2.661508958 4.387824857 0.702164381 2.984503391 0.000959003 0.771483968 6.14068928 0.452756687 1.228137856 1.754482651 0.263172398 0.029826205 2.16393751 
2 2 17.33151381 4.851988226 16.58109463 6.354211048 0.461556192 0.526798939 10.15423623 19.38536007 1.015423623 2.00970311 4.635021383 0.742955099 3.161224087 0.011532167 0.3626962 6.461786689 0.221660302 1.292357338 1.846224768 0.276933715 0.031385821 2.284336563 
69 2 14.96180733 9.839090879 14.99205302 5.290632645 0.438620663 0.089852302 9.649654582 18.42206784 0.964965458 3.937430961 4.417058267 0.708872315 3.018517809 0.018283457 1.068854139 6.14068928 0.590062249 1.228137856 1.754482651 0.263172398 0.029826205 2.17586769 
3 2 17.49405481 6.040354782 16.40519658 6.5086053 0.446318983 0.707846078 9.81901763 18.74539729 0.981901763 1.985479923 4.475323685 0.716894622 3.049087382 0.007190826 0.513520009 6.248465765 0.31603735 1.249693153 1.785275933 0.26779139 0.030349691 2.206197061 
4 2 17.33068878 3.655339644 16.79034332 6.278854621 0.476518316 0.330125009 10.48340295 20.01376926 1.048340295 1.906200878 4.765183158 0.762429305 3.240324548 0 0.207372356 6.671256421 0.131024017 1.334251284 1.906073263 0.285910989 0.032403245 2.350188334 
50 2 17.00322641 2.016827289 16.99783095 6.002758783 0.499763128 0.003302257 10.99478883 20.99005139 1.099478883 1.999136235 4.997632961 0.79962139 3.398391224 9.93848E-07 0.002111282 6.996683798 0.001330717 1.39933676 1.999052514 0.299857877 0.033983893 2.464832434 
39 2 17.66896794 5.88211724 16.48059149 6.595890271 0.446091515 0.744155798 9.814013334 18.73584364 0.981401333 1.853825488 4.466074167 0.714930218 3.039425055 0.003057362 0.48881927 6.245281213 0.305874479 1.249056243 1.784366061 0.267654909 0.030334223 2.202228752 
24 2 16.48856138 8.027046371 15.87099559 6.148364905 0.422227799 1.192802169 9.28901157 17.73356754 0.928901157 2.965509326 4.45452451 0.728856047 3.141378555 0.137635129 0.79230728 5.911189181 0.436716781 1.182237836 1.688911195 0.253336679 0.02871149 2.177207513 
55 2 12.1151002 13.95618531 14.98391376 5.223924207 0.220453932 8.522520964 4.849986512 9.259065159 0.484998651 8.412227699 5.13082756 1.024195946 4.903957844 1.734191985 1.619689916 3.086355053 0.54455574 0.617271011 0.881815729 0.132272359 0.014990867 2.281499595 
46 2 17.82099522 6.737621929 16.36404768 6.726947845 0.434607795 0.890124665 9.561371488 18.25352739 0.956137149 1.813580682 4.346077949 0.695372472 2.955333005 0 0.596546194 6.084509129 0.374062753 1.216901826 1.73843118 0.260764677 0.02955333 2.143485645 
60 2 15.57374418 9.962261444 15.2166386 5.70531754 0.418579527 0.79500776 9.208749603 17.58034015 0.92087496 3.65273929 4.350072026 0.707422387 3.037484351 0.097354533 1.067560317 5.860113384 0.588312321 1.172022677 1.67431811 0.251147716 0.028463408 2.131475716 
6 2 15.56095864 7.330371211 15.66594743 5.526796854 0.452702782 0.3118952 9.959461214 19.01351686 0.995946121 3.420802781 4.634119993 0.748897951 3.20298559 0.063465512 0.726477255 6.337838955 0.390596732 1.267567791 1.81081113 0.271621669 0.030783789 2.276434531 
22 2 16.46712845 6.20222955 16.09052565 5.942803211 0.45809869 0.33158985 10.07817119 19.24014499 1.007817119 2.682402977 4.609894204 0.739591009 3.14870607 0.017131194 0.55916954 6.413381664 0.318993787 1.282676333 1.832394761 0.274859214 0.031150711 2.271139836 
43 2 17.03426991 2.191331238 16.97469823 6.030042648 0.497334476 0.036803107 10.94135848 20.888048 1.094135848 1.991835673 4.973460866 0.795761803 3.382009531 6.88066E-05 0.024062656 6.962682666 0.015101178 1.392536533 1.989337905 0.298400686 0.033818744 2.452901019 
7 2 17.29097139 3.785515037 16.76936903 6.275611247 0.473671866 0.411827543 10.42078106 19.89421838 1.042078106 1.96295704 4.763247949 0.763962428 3.251836737 0.015721922 0.224779751 6.631406128 0.137686617 1.326281226 1.894687465 0.28420312 0.032209687 2.346976269 
8 2 17.00096803 2.683573781 16.87719703 6.040445149 0.491910439 0.0924532 10.82202965 20.66023842 1.082202965 2.05375952 4.92389886 0.788156848 3.350569574 0.002841326 0.088832849 6.886746141 0.05253015 1.377349228 1.967641755 0.295146263 0.03344991 2.428058912 
27 2 17.25071631 13.50739612 14.95944989 6.77970905 0.36592483 1.420773901 8.050346267 15.36884287 0.805034627 2.692092512 3.665206309 0.58684686 2.49522126 0.003530864 1.49113483 5.122947625 0.894926505 1.024589525 1.463699321 0.219554898 0.024882888 1.807172731 
54 2 14.96180733 9.839090879 14.99205302 5.290632645 0.438620663 0.089852302 9.649654582 18.42206784 0.964965458 3.937430961 4.417058267 0.708872315 3.018517809 0.018283457 1.068854139 6.14068928 0.590062249 1.228137856 1.754482651 0.263172398 0.029826205 2.17586769 
11 2 16.96326723 2.431225495 16.92557947 6.015939199 0.493566866 0.122973141 10.85847104 20.72980835 1.085847104 2.078618325 4.964132831 0.796238409 3.389374065 0.016868586 0.056471188 6.909936117 0.029837185 1.381987223 1.974267462 0.296140119 0.033562547 2.445888036 
49 2 16.95980053 2.387515221 16.91854237 5.999670363 0.496026973 0.033603232 10.91259342 20.83313288 1.091259342 2.056863483 4.962660974 0.794191854 3.375765737 0.001417109 0.051353048 6.944377628 0.029515501 1.388875526 1.984107894 0.297616184 0.033729834 2.4473809 
12 2 17.23286363 3.597330443 16.7730042 6.22017673 0.478587508 0.280951924 10.52892518 20.10067534 1.052892518 1.965883678 4.78587508 0.765740013 3.254395054 0 0.202196157 6.700225112 0.12579234 1.340045022 1.914350032 0.287152505 0.032543951 2.360393589 
14 2 19.98791322 18.65419743 14.80452382 8.622445434 0.267166426 3.23788272 5.87766138 11.22098991 0.587766138 1.294204553 2.691907704 0.432111367 1.840285874 0.011996772 2.094196679 3.740329969 1.313295551 0.748065994 1.068665706 0.160299856 0.018167317 1.325926181 
15 2 17.15611734 3.859161814 16.70305791 6.191231048 0.476716809 0.27782966 10.4877698 20.02210597 1.04877698 2.035677392 4.767462051 0.762814347 3.242016339 0.000174209 0.238120569 6.674035324 0.145524042 1.334807065 1.906867236 0.286030085 0.032416743 2.351287268 
45 2 17.28122441 3.456254312 16.81284959 6.239875842 0.479473544 0.28658271 10.54841797 20.13788885 1.054841797 1.92391804 4.794857414 0.767185659 3.260562021 7.22846E-05 0.182664723 6.712629616 0.1151795 1.342525923 1.917894176 0.287684126 0.032604201 2.364813297 
16 2 15.63723689 6.989099055 15.76069958 5.559823334 0.454071301 0.366776481 9.989568623 19.07099464 0.998956862 3.360697194 4.666649187 0.75541155 3.234217387 0.074632944 0.679871246 6.356998215 0.362416709 1.271399643 1.816285204 0.272442781 0.030876848 2.290874321 
44 2 17.14567882 2.779732217 16.89835508 6.125630244 0.489084981 0.151102871 10.75986959 20.54156922 1.075986959 1.96241468 4.890849815 0.78253597 3.325777874 0 0.097925423 6.84718974 0.061642746 1.369437948 1.956339926 0.293450989 0.033257779 2.412167129 
41 2 17.17766695 2.980341238 16.87072278 6.154914579 0.48634376 0.188119748 10.69956273 20.42643794 1.069956273 1.956470687 4.863606105 0.778188681 3.307333629 9.98578E-05 0.123249637 6.808812646 0.07744136 1.361762529 1.945375042 0.291806256 0.033071376 2.398716192 
52 2 17.03082049 2.156944164 16.98005172 6.026205643 0.497770237 0.031549458 10.95094522 20.90634996 1.095094522 1.991575834 4.977853933 0.796467157 3.385013962 8.98191E-05 0.019671237 6.968783321 0.012400533 1.393756664 1.991080949 0.298662142 0.033848376 2.455064662 
57 2 13.28456693 11.09382138 15.46657377 5.409720203 0.287378504 6.482191546 6.32232709 12.06989717 0.632232709 6.877111873 5.09950686 0.97052244 4.543903648 1.319018712 1.231928947 4.023299057 0.414186674 0.804659811 1.149514016 0.172427102 0.019541738 2.325669813 
17 2 12.5429723 19.30375462 12.5429723 4.426931398 0.36891095 0 8.116040897 15.49425989 0.81160409 6.194849605 3.689109499 0.59025752 2.508594459 0 2.359602903 5.164753298 1.310890501 1.03295066 1.475643799 0.22134657 0.025085945 1.819468805 
18 2 16.80385342 2.635671538 16.8553618 5.947792866 0.491791447 0.153018394 10.81941183 20.65524076 1.081941183 2.217190295 4.970454781 0.798922279 3.405314912 0.031136711 0.086490386 6.885080255 0.041671451 1.377016051 1.967165787 0.295074868 0.033441818 2.446957164 
19 2 20.21617902 18.19484599 14.94405006 8.717887853 0.27045436 3.225352177 5.949995916 11.35908311 0.594999592 1.095788582 2.705778368 0.433010308 1.840526359 0.000731756 2.029245872 3.786361037 1.281571668 0.757272207 1.081817439 0.162272616 0.018390896 1.334384813 
20 2 16.80525567 2.752390136 16.80676037 5.931763939 0.49420096 0.004470091 10.87242112 20.75644032 1.087242112 2.184240587 4.943544447 0.791073724 3.362352394 0.00090959 0.102593043 6.918813439 0.056809794 1.383762688 1.97680384 0.296520576 0.033605665 2.438025507 
21 2 17.02012314 2.209740211 16.96720151 6.022982426 0.497339471 0.032332562 10.94146836 20.88825777 1.094146836 2.002356469 4.973394708 0.795743153 3.381908401 0 0.026803166 6.962752591 0.016439786 1.392550518 1.989357883 0.298403682 0.033819084 2.45287827 
61 2 17.10022748 2.605873778 16.91744907 6.090383726 0.491686754 0.11259576 10.8171086 20.65084369 1.08171086 1.97948694 4.917131537 0.786759383 3.343777098 0.000156449 0.07640033 6.883614562 0.047770497 1.376722912 1.966747018 0.295012053 0.033434699 2.425106808 
23 2 15.49643014 7.572485313 15.60486063 5.505159406 0.45064188 0.322119616 9.914121357 18.92695895 0.991412136 3.483712543 4.617021618 0.746406065 3.193056256 0.065546011 0.759479979 6.308986318 0.408505361 1.261797264 1.80256752 0.270385128 0.030643648 2.267702859 
47 2 17.10295718 3.168795475 16.81459949 6.122865041 0.485306653 0.176172642 10.67674636 20.38287942 1.067674636 2.019135522 4.853066528 0.776490644 3.300085239 0 0.149585561 6.794293139 0.091543982 1.358858628 1.941226611 0.291183992 0.033000852 2.393532411 
48 2 16.8723932 2.447435869 16.89578233 5.964619355 0.494806351 0.080435591 10.88573972 20.78186674 1.088573972 2.138060139 4.975040364 0.797880303 3.396071998 0.015987162 0.060811473 6.927288915 0.030598483 1.385457783 1.979225404 0.296883811 0.033646832 2.451394201 
25 2 17.85511527 6.338802547 16.44713455 6.72429679 0.438620663 0.860208299 9.649654582 18.42206784 0.964965458 1.761763232 4.386206628 0.701793061 2.982620507 0 0.543825157 6.14068928 0.343339917 1.228137856 1.754482651 0.263172398 0.029826205 2.163277109 
40 2 17.61170885 6.216206899 16.40001222 6.579509889 0.443521159 0.740401927 9.757465489 18.62788866 0.975746549 1.911898915 4.435243977 0.709641286 3.015981567 1.91958E-05 0.53377423 6.20929622 0.33200738 1.241859244 1.774084634 0.266112695 0.030159439 2.187459573 
51 2 17.36764144 3.870856679 16.7613217 6.31171788 0.473546405 0.370570172 10.41802092 19.88894903 1.041802092 1.898010137 4.735503372 0.757683271 3.220161305 2.33007E-05 0.234518414 6.629649676 0.148032734 1.325929935 1.894185622 0.284127843 0.032201156 2.335546917 
