# VOC splits                         
# Data based on information from TNO July 2018  -- this is the split file for scenario 5 (2015) with SNAP 2 split based on biofuel emission fraction data from Wood_combustion_paper_PM_split_information_v3.xls combined with VOC-split data for fossil fuel (split into natural gas, oil and coal) from Passant 2002(gas and coal), Hays et al. 2008 (oil),  and the national fuel splits from various sources -- the VOC split for wood combustion is a simplified split based on a number of publications (simplified to have the same split for all countries regardless of actual forest composition)                        
# Key-word, MASS_ASSUMED= 0 by default,                        
# change when emissions have artifical mass, e.g. 46 for Nox as NO2                        
# Biomass burning emissions, IE_BB = 101 (not used here)                        
: MASS_ASSUMED 0                        
99 99 C2H6 NC4H10 C2H4 C3H6 C5H8 OXYL WOXYL CH3OH C2H5OH HCHO CH3CHO MEK GLYOX MGLYOX BENZENE WBENZ TOLUENE WTOL MACR APINENE SQT_SOA_NV UNREAC #HEADERS
#DATA               
1 2 16.92514065 2.183224281 16.9691042 5.988106915 0.495716056 0.130604598 10.90575323 20.82007436 1.090575323 2.098265106 5.002004886 0.803435723 3.423047618 0.026575874 0.024821171 6.940024785 0.008345123 1.388004957 1.982864224 0.297429634 0.033708692 2.463172597 
56 2 16.6577357 7.799590927 15.8366808 6.126563137 0.4393034 0.507243901 9.664674806 18.45074281 0.966467481 2.654150831 4.394634232 0.703252631 2.989125062 0.000948336 0.762902562 6.150247604 0.447720563 1.230049521 1.757213601 0.26358204 0.029872631 2.167297425 
2 2 17.33111848 4.84858729 16.58159416 6.353788659 0.461602036 0.526170743 10.15524478 19.38728549 1.015524478 2.00969154 4.635456613 0.743023124 3.161508822 0.011518415 0.362263692 6.462428498 0.221395976 1.2924857 1.846408142 0.276961221 0.031388938 2.284553193 
69 2 14.98447865 9.751894745 15.01438791 5.298523112 0.4393034 0.088852853 9.664674806 18.45074281 0.966467481 3.915880441 4.423542471 0.709885951 3.022761129 0.018080085 1.056965012 6.150247604 0.583498842 1.230049521 1.757213601 0.26358204 0.029872631 2.179094903 
3 2 17.51590323 6.219030042 16.37889278 6.531097182 0.443945066 0.739148919 9.766791442 18.64569275 0.976679144 1.984837806 4.452121099 0.71321948 3.03356909 0.007508824 0.536229233 6.215230917 0.330013364 1.243046183 1.775780262 0.266367039 0.030188264 2.194707882 
4 2 17.30718335 3.537677755 16.80524576 6.259033577 0.478187399 0.306659654 10.52012277 20.08387075 1.052012277 1.912868139 4.781873988 0.765099838 3.251674312 0 0.192632286 6.694623584 0.121710803 1.338924717 1.912749595 0.286912439 0.032516743 2.358420251 
50 2 17.00329622 2.017191355 16.99778402 6.00281847 0.499758004 0.003373703 10.99467608 20.98983615 1.099467608 1.999117547 4.997581749 0.799613199 3.398356418 1.01535E-06 0.002156961 6.99661205 0.001359507 1.39932241 1.999032014 0.299854802 0.033983544 2.464807173 
39 2 17.71725824 6.162352835 16.44309733 6.638905372 0.442200062 0.797873635 9.728401371 18.57240262 0.972840137 1.843273694 4.427532048 0.708789347 3.013396492 0.003278062 0.524105313 6.190800872 0.327954419 1.238160174 1.768800249 0.265320037 0.030069604 2.183188087 
24 2 16.53357079 7.496633153 15.97035418 6.135307978 0.42907218 1.08782902 9.439587959 18.02103156 0.943958796 2.880539197 4.502529352 0.735117106 3.164138664 0.125522481 0.722579883 6.007010519 0.398283303 1.201402104 1.71628872 0.257443308 0.029176908 2.20262284 
55 2 13.66120076 10.17197978 15.62201734 5.469556926 0.308931967 5.825091132 6.796503267 12.9751426 0.679650327 6.382718548 5.08941984 0.953236563 4.427946019 1.185309651 1.107048185 4.325047534 0.372200529 0.865009507 1.235727867 0.18535918 0.021007374 2.339895098 
46 2 17.94796441 7.47030829 16.26569589 6.839372344 0.424494709 1.027784911 9.338883602 17.82877779 0.93388836 1.784750418 4.244947092 0.679191535 2.886564022 0 0.688803716 5.942925928 0.431912595 1.188585186 1.697978837 0.254696826 0.02886564 2.093607906 
60 2 15.64038493 9.590230645 15.29996485 5.719086361 0.422383839 0.757861608 9.292444458 17.74012124 0.929244446 3.575516264 4.380439431 0.711748008 3.054422627 0.092805714 1.017679348 5.913373746 0.560823862 1.182674749 1.689535356 0.253430303 0.028722101 2.147106117 
6 2 15.53403063 7.430115594 15.64098402 5.517942057 0.451817735 0.317731528 9.939990169 18.97634487 0.993999017 3.447389502 4.627273477 0.747941706 3.199298965 0.064653108 0.740071435 6.325448289 0.397905759 1.265089658 1.80727094 0.271090641 0.030723606 2.272887294 
22 2 16.47635564 6.12946388 16.10627408 5.943793628 0.458824252 0.325848051 10.09413354 19.27061858 1.009413354 2.670586509 4.616649263 0.740637049 3.153057468 0.01683455 0.549486978 6.423539528 0.313470101 1.284707906 1.835297008 0.275294551 0.031200049 2.274514028 
43 2 17.03563207 2.19893628 16.97369254 6.031236784 0.497228527 0.038265959 10.93902759 20.88359813 1.093902759 1.991511157 4.972405988 0.795593343 3.381294445 7.15415E-05 0.025019099 6.961199375 0.01570142 1.392239875 1.988914107 0.298337116 0.03381154 2.45238036 
7 2 17.11899796 2.730218321 16.90567934 6.112716151 0.489232639 0.168424242 10.76311805 20.54777082 1.076311805 1.984850619 4.903176013 0.78526179 3.339405982 0.006429761 0.091927701 6.849256941 0.056309406 1.369851388 1.956930555 0.293539583 0.033267819 2.417323116 
8 2 17.00071425 2.504367004 16.90939125 6.029841985 0.494031211 0.068215524 10.86868664 20.74931085 1.086868664 2.039665839 4.943849655 0.791261667 3.363528332 0.002096439 0.06554429 6.916436951 0.038758764 1.38328739 1.976124843 0.296418726 0.033594122 2.438005608 
27 2 17.24834916 13.39874861 14.97871582 6.772347398 0.367190706 1.407359611 8.078195533 15.42200965 0.807819553 2.685558095 3.677808813 0.588859353 2.503763762 0.003497527 1.477056225 5.140669885 0.886477023 1.028133977 1.468762824 0.220314424 0.024968968 1.813393073 
54 2 14.98447865 9.751894745 15.01438791 5.298523112 0.4393034 0.088852853 9.664674806 18.45074281 0.966467481 3.915880441 4.423542471 0.709885951 3.022761129 0.018080085 1.056965012 6.150247604 0.583498842 1.230049521 1.757213601 0.26358204 0.029872631 2.179094903 
11 2 16.96197261 2.446423777 16.92295657 6.016500966 0.493340134 0.127307255 10.85348294 20.72028561 1.085348294 2.08138918 4.962868715 0.796105834 3.38899956 0.017463109 0.05846148 6.906761871 0.030888778 1.381352374 1.973360534 0.29600408 0.033547129 2.445179202 
49 2 16.96250019 2.361491035 16.92401278 5.999692501 0.496293788 0.031346555 10.91846334 20.8443391 1.091846334 2.053044727 4.965168535 0.794581909 3.377393227 0.001321941 0.047904354 6.948113034 0.027533342 1.389622607 1.985175153 0.297776273 0.033747978 2.448631295 
12 2 17.21035868 3.442957547 16.79494206 6.198897903 0.480656903 0.253799519 10.57445188 20.18758995 1.057445188 1.969180826 4.806569035 0.769051046 3.268466944 0 0.182655049 6.729196649 0.113635226 1.34583933 1.922627614 0.288394142 0.032684669 2.370599848 
14 2 19.58372553 16.40131354 15.10151519 8.267696121 0.298662811 2.799880597 6.570581843 12.54383806 0.657058184 1.389680496 3.004133135 0.481877222 2.051275017 0.010373918 1.810905816 4.181279355 1.135640494 0.836255871 1.194651244 0.179197687 0.020309071 1.4801488 
15 2 17.1699676 4.024101 16.67671411 6.208196485 0.474651195 0.302477863 10.44232629 19.93535019 1.044232629 2.038842582 4.746831991 0.759515349 3.228000508 0.000189664 0.259245902 6.645116729 0.158434493 1.329023346 1.89860478 0.284790717 0.032276281 2.341110303 
45 2 17.31566144 3.634578385 16.78993229 6.269249584 0.476959999 0.321675891 10.49311997 20.03231994 1.049311997 1.914601504 4.769736897 0.763167413 3.243487292 8.11362E-05 0.205032738 6.677439982 0.129283684 1.335487996 1.907839995 0.286175999 0.03243328 2.352422586 
16 2 15.63398969 7.000987117 15.75774656 5.558774477 0.453961862 0.367650439 9.98716096 19.0663982 0.998716096 3.363939474 4.665854876 0.755305304 3.233822359 0.07481078 0.681491248 6.355466065 0.363280279 1.271093213 1.815847447 0.272377117 0.030869407 2.29045703 
44 2 17.2049885 3.097181775 16.85697275 6.176777631 0.484641189 0.212620836 10.66210617 20.35492996 1.066210617 1.947112704 4.846411894 0.775425903 3.295560088 0 0.137793446 6.784976652 0.086739135 1.35699533 1.938564758 0.290784714 0.032955601 2.390250346 
41 2 17.1809956 2.998708247 16.86830073 6.157816953 0.486087906 0.191644233 10.69393394 20.41569207 1.069393394 1.955655152 4.861050721 0.777780039 3.305597495 0.000101729 0.125558759 6.805230689 0.078892249 1.361046138 1.944351625 0.291652744 0.033053978 2.397455608 
52 2 17.02863469 2.145813623 16.98146646 6.024347129 0.497928373 0.029311958 10.9544242 20.91299166 1.09544242 1.992173279 4.979424541 0.796717708 3.386076777 8.34491E-05 0.018276145 6.970997219 0.011521082 1.394199444 1.991713491 0.298757024 0.033859129 2.455840201 
57 2 16.40825769 3.448336903 16.75577728 5.905988475 0.466136617 1.032392966 10.25500557 19.5777379 1.025500557 2.776758286 5.015848063 0.827158433 3.582185002 0.210074885 0.196204443 6.525912634 0.065965871 1.305182527 1.864546467 0.27968197 0.03169729 2.443650167 
17 2 12.79423628 18.32825915 12.79423628 4.515612804 0.376301067 0 8.278623475 15.80464482 0.827862347 5.958365855 3.76301067 0.602081707 2.558847256 0 2.226580793 5.268214938 1.23698933 1.053642988 1.505204268 0.22578064 0.025588473 1.855916863 
18 2 16.80410654 2.63485122 16.85554845 5.947860238 0.49180204 0.152820927 10.81964487 20.65568567 1.081964487 2.216910016 4.970492909 0.79892367 3.405308054 0.03109653 0.086378773 6.885228556 0.041617675 1.377045711 1.967208159 0.295081224 0.033442539 2.446981738 
19 2 19.92999509 16.75378668 15.12699381 8.476043158 0.290879925 2.938351994 6.399358348 12.21695685 0.639935835 1.176247654 2.909924146 0.465666 1.979292359 0.000666642 1.848678323 4.072318949 1.167534104 0.81446379 1.1635197 0.174527955 0.019779835 1.435078861 
20 2 16.81102535 2.730099111 16.81248547 5.933785565 0.494372768 0.004337656 10.87620089 20.76365625 1.087620089 2.1787821 4.945217053 0.791338182 3.363467777 0.000882641 0.099553524 6.921218749 0.055126693 1.38424375 1.977491071 0.296623661 0.033617348 2.438854306 
21 2 17.02048366 2.213497813 16.96661391 6.023394168 0.497291806 0.032911816 10.94041973 20.88625585 1.094041973 2.002398686 4.972918061 0.79566689 3.381584281 0 0.027283359 6.962085285 0.016734313 1.392417057 1.989167224 0.298375084 0.033815843 2.452643188 
61 2 17.08677854 2.524575102 16.9285261 6.07825566 0.49280226 0.09748719 10.84164973 20.69769494 1.084164973 1.982239468 4.928251174 0.788536064 3.351321322 0.000135456 0.066148615 6.899231646 0.041360452 1.379846329 1.971209042 0.295681356 0.033510554 2.430594028 
23 2 15.06877929 9.157431991 15.20804998 5.364415033 0.436603263 0.413738057 9.605271778 18.33733703 0.960527178 3.905715498 4.508093504 0.731162682 3.134196558 0.084188848 0.975494055 6.112445677 0.524693951 1.222489135 1.74641305 0.261961958 0.029689022 2.21130246 
47 2 17.08724659 2.990444979 16.84289038 6.104116645 0.487548761 0.149289856 10.72607274 20.47704795 1.072607274 2.016215567 4.875487608 0.780078017 3.315331574 0 0.126759789 6.825682652 0.077574973 1.36513653 1.950195043 0.292529256 0.033153316 2.404590488 
48 2 16.87562449 2.436105773 16.89842136 5.965515273 0.494937866 0.078398778 10.88863305 20.78739037 1.088863305 2.134564141 4.975672399 0.797933979 3.396171464 0.01558233 0.059271588 6.929130125 0.029823659 1.385826025 1.979751464 0.29696272 0.033655775 2.451764053 
25 2 17.84560361 6.290540981 16.45328421 6.716240259 0.4393034 0.850639991 9.664674806 18.45074281 0.966467481 1.764413198 4.393034003 0.70288544 2.987263122 0 0.537776057 6.150247604 0.339520863 1.230049521 1.757213601 0.26358204 0.029872631 2.16664437 
40 2 17.58273958 6.016536054 16.4284264 6.552065499 0.44619588 0.705338022 9.816309355 18.74022695 0.981630936 1.9160712 4.461989655 0.713920488 3.034167886 1.82867E-05 0.508495786 6.246742317 0.316284197 1.249348463 1.784783519 0.267717528 0.03034132 2.200650672 
51 2 17.32026876 3.629786195 16.79207675 6.271551265 0.476955101 0.322820106 10.49301222 20.03211424 1.049301222 1.911152109 4.769585262 0.763136021 3.24333454 2.02983E-05 0.204299387 6.677371414 0.128957877 1.335474283 1.907820404 0.286173061 0.032432947 2.352356536 
