# PPMcoarse splits 
# Data based on information from TNO July 2018 -- this is the split file for scenario 3 (2015) with SNAP 2 split based on sector 21 and 22 data from Wood_combustion_paper_PM_split_information.xls (v3)
# Key-word, MASS_ASSUMED= 0 by default,
# change when emissions have artificial mass, e.g. 46 for NOx as NO2
# Biomass burning emissions, IE_BB = 101 (not used here)
# : MASS_ASSUMED 0
99  99  POM_c_FFUEL  POM_c_WOOD  EC_c_FFUEL  EC_c_WOOD  PSO4c  REMPPM_c  #HEADERS
#DATA                
1  1  0.845793143  0  12.92918585  0  0  86.22502101  
1  2  0.004507586  0  2.274362755  14.8938464  0  82.82728326  
1  3  5.140482607  0  4.655249569  0  0  90.20426782  
1  5  0  0  45  0  0  55  
1  6  0  0  0  0  0  100  
1  7  15.82688894  0  6.089923426  0  0  78.08318763  
1  8  0.003098415  0  44.31682562  0  0  55.68007597  
1  9  0  0  20  0  0  80  
1  10  39.16619672  0  2.521753894  0  0  58.31204939  
56  1  0.96912304  0  10.26705539  0  0  88.76382157  
56  2  0.105246508  0  4.233876241  10.71667978  0  84.94419747  
56  3  3.350689026  0  7.056170728  0  0  89.59314025  
56  5  0  0  59.53174517  0  0  40.46825483  
56  6  0  0  0  0  0  100  
56  7  15.47462753  0  4.776549851  0  0  79.74882262  
56  8  0.001251104  0  38.80750182  0  0  61.19124708  
56  9  0  0  20  0  0  80  
56  10  35.01722092  0  2.168243073  0  0  62.814536  
32  8  22.46148024  0  11.76900759  0  47.69259879  18.07691337  
2  1  0.210739418  0  12.39683559  0  0  87.39242499  
2  2  0.005451666  0  0.69427373  19.85029676  0  79.44997784  
2  3  1.536925052  0  3.455278606  0  0  95.00779634  
2  5  0  0  59.53174517  0  0  40.46825483  
2  6  0  0  0  0  0  100  
2  7  16.03300569  0  4.904116707  0  0  79.0628776  
2  8  0  0  40.95839133  0  0  59.04160867  
2  9  0  0  20  0  0  80  
2  10  38.69364737  0  0.052051438  0  0  61.2543012  
69  1  0.96912304  0  10.26705539  0  0  88.76382157  
69  2  0.011336949  0  0.58579464  17.17501209  0  82.22785632  
69  3  3.350689026  0  7.056170728  0  0  89.59314025  
69  5  0  0  59.53174517  0  0  40.46825483  
69  6  0  0  0  0  0  100  
69  7  15.47462753  0  4.776549851  0  0  79.74882262  
69  8  0.001251104  0  38.80750182  0  0  61.19124708  
69  9  0  0  20  0  0  80  
69  10  35.01722092  0  2.168243073  0  0  62.814536  
30  8  47.36262271  0  23.25141396  0  20.86992558  8.516037746  
3  1  0.193826864  0  17.70078481  0  0  82.10538832  
3  2  0.023200977  0  1.737245219  13.92574146  0  84.31381234  
3  3  17.67973053  0  7.22609253  0  0  75.09417694  
3  5  0  0  59.53174517  0  0  40.46825483  
3  6  0  0  0  0  0  100  
3  7  16.00090893  0  4.947760949  0  0  79.05133012  
3  8  0  0  38.35184548  0  0  61.64815452  
3  9  0  0  20  0  0  80  
3  10  59.96416978  0  0.200277265  0  0  39.83555295  
4  1  0.968515928  0  10.35868158  0  0  88.67280249  
4  2  0.038997497  0  1.509043783  11.72793459  0  86.72402413  
4  3  2.779047055  0  6.619523896  0  0  90.60142905  
4  5  0  0  45.04886102  0  0  54.95113898  
4  6  0  0  0  0  0  100  
4  7  15.77657318  0  5.038088345  0  0  79.18533848  
4  8  0  0  44.48408777  0  0  55.51591223  
4  9  0  0  20  0  0  80  
4  10  22.75903906  0  2.867989114  0  0  74.37297183  
50  1  0.999674185  0  9.996268484  0  0  89.00405733  
50  2  2.67588E-08  0  0.282332778  15.23418872  0  84.48347847  
50  3  3.818026639  0  4.032441721  0  0  92.14953164  
50  5  0  0  45  0  0  55  
50  6  0  0  0  0  0  100  
50  7  15.90511  0  5.764176808  0  0  78.3307132  
50  8  0.035600091  0  46.98609521  0  0  52.9783047  
50  9  0  0  20  0  0  80  
50  10  49.62136251  0  1.418491562  0  0  48.96014592  
39  1  0.793317801  0  9.76306848  0  0  89.44361372  
39  2  0.10116935  0  4.03272166  10.92921369  0  84.9368953  
39  3  3.167852547  0  11.56766263  0  0  85.26448482  
39  5  0  0  80  0  0  20  
39  6  0  0  0  0  0  100  
39  7  15.93687823  0  4.87865966  0  0  79.18446211  
39  8  0.048725701  0  42.29143846  0  0  57.65983584  
39  9  0  0  20  0  0  80  
39  10  32.04253547  0  2.789466844  0  0  65.16799768  
34  8  22.73055291  0  12.80045282  0  46.34723545  18.12175882  
24  1  0.500766421  0  24.48149033  0  0  75.01774325  
24  2  0.071006485  0  4.7380132  13.97443853  0  81.21654178  
24  3  4.333528369  0  0.630912618  0  0  95.03555901  
24  5  0  0  59.53174517  0  0  40.46825483  
24  6  0  0  0  0  0  100  
24  7  16.09134014  0  4.971205139  0  0  78.93745472  
24  8  0  0  40.59716631  0  0  59.40283369  
24  9  0  0  20  0  0  80  
24  10  66.87620662  0  0.725996806  0  0  32.39779658  
55  1  0  0  15.03456308  0  0  84.96543692  
55  2  0.012680911  0  4.008690207  14.2915855  0  81.68704338  
55  3  2.878283585  0  0.707816408  0  0  96.41390001  
55  5  0  0  59.53174517  0  0  40.46825483  
55  6  0  0  0  0  0  100  
55  7  16.09572289  0  5.03956306  0  0  78.86471405  
55  8  0  0  36.44711253  0  0  63.55288747  
55  9  0  0  20  0  0  80  
55  10  67.41819381  0  0.523632898  0  0  32.05817329  
46  1  0.910000405  0  10.07820343  0  0  89.01179616  
46  2  0.081314844  0  3.141512261  11.38547442  0  85.39169847  
46  3  2.32486018  0  14.31136601  0  0  83.36377381  
46  5  0  0  57.91281768  0  0  42.08718232  
46  6  0  0  0  0  0  100  
46  7  15.89555472  0  4.919809518  0  0  79.18463577  
46  8  0  0  42.81956886  0  0  57.18043114  
46  9  0  0  20  0  0  80  
46  10  38.49567953  0  1.614877373  0  0  59.88944309  
60  1  0.737261849  0  12.79877341  0  0  86.46396474  
60  2  0.040124182  0  2.540643193  15.23343516  0  82.18579746  
60  3  3.298241944  0  8.927162491  0  0  87.77459556  
60  5  0  0  46.94089471  0  0  53.05910529  
60  6  0  0  0  0  0  100  
60  7  15.75781579  0  4.801450569  0  0  79.44073364  
60  8  0  0  42.0660776  0  0  57.9339224  
60  9  0  0  20  0  0  80  
60  10  50.85398932  0  0.019835977  0  0  49.12617471  
6  1  0.947087092  0  9.599336869  0  0  89.45357604  
6  2  0.004697282  0  0.225016945  18.36210891  0  81.40817687  
6  3  7.265072971  0  29.18480683  0  0  63.5501202  
6  5  0  0  59.53174517  0  0  40.46825483  
6  6  0  0  0  0  0  100  
6  7  16.02818844  0  4.992604892  0  0  78.97920667  
6  8  0  0  39.34582483  0  0  60.65417517  
6  9  0  0  20  0  0  80  
6  10  56.16429494  0  0.066893429  0  0  43.76881163  
224  1  0.96912304  0  10.26705539  0  0  88.76382157  
224  3  3.350689026  0  7.056170728  0  0  89.59314025  
224  5  0  0  59.53174517  0  0  40.46825483  
224  6  0  0  0  0  0  100  
224  7  15.47462753  0  4.776549851  0  0  79.74882262  
224  8  0.001251104  0  38.80750182  0  0  61.19124708  
224  9  0  0  20  0  0  80  
224  10  35.01722092  0  2.168243073  0  0  62.814536  
237  1  0.96912304  0  10.26705539  0  0  88.76382157  
237  3  3.350689026  0  7.056170728  0  0  89.59314025  
237  5  0  0  59.53174517  0  0  40.46825483  
237  6  0  0  0  0  0  100  
237  7  15.47462753  0  4.776549851  0  0  79.74882262  
237  8  0.001251104  0  38.80750182  0  0  61.19124708  
237  9  0  0  20  0  0  80  
237  10  35.01722092  0  2.168243073  0  0  62.814536  
22  1  0.39584094  0  12.47035662  0  0  87.13380244  
22  2  0.031983263  0  1.437577859  14.55075941  0  83.97967947  
22  3  3.833122707  0  5.397715305  0  0  90.76916199  
22  5  0  0  80  0  0  20  
22  6  0  0  0  0  0  100  
22  7  16.02139769  0  4.939983262  0  0  79.03861905  
22  8  0  0  42.61596695  0  0  57.38403305  
22  9  0  0  20  0  0  80  
22  10  42.06585992  0  3.242559629  0  0  54.69158045  
43  1  0.995768453  0  10.02267925  0  0  88.9815523  
43  2  0.000929327  0  0.055021096  16.82573601  0  83.11831357  
43  3  5.710179045  0  27.09065106  0  0  67.19916989  
43  5  0  0  45  0  0  55  
43  6  0  0  0  0  0  100  
43  7  15.78647956  0  4.922911051  0  0  79.29060939  
43  8  0  0  46.63138325  0  0  53.36861675  
43  9  0  0  20  0  0  80  
43  10  22.73086322  0  1.817445414  0  0  75.45169137  
7  1  0.853502463  0  9.785687966  0  0  89.36080957  
7  2  0.003666058  0  0.726121252  14.17542198  0  85.09479071  
7  3  2.74505443  0  8.71771979  0  0  88.53722578  
7  5  0  0  45  0  0  55  
7  6  0  0  0  0  0  100  
7  7  11.44165906  0  2.789434603  0  0  85.76890634  
7  8  0  0  36.59705408  0  0  63.40294592  
7  9  0  0  20  0  0  80  
7  10  34.74792771  0  0.00769819  0  0  65.2443741  
8  1  0.821910464  0  11.69835972  0  0  87.47972981  
8  2  0.002782201  0  0.218283652  15.31301963  0  84.46591452  
8  3  1.5367592  0  0.837399317  0  0  97.62584148  
8  5  0  0  80  0  0  20  
8  6  0  0  0  0  0  100  
8  7  16.35659572  0  5.091477932  0  0  78.55192634  
8  8  0  0  41.45302037  0  0  58.54697963  
8  9  0  0  20  0  0  80  
8  10  44.09571535  0  0.205041486  0  0  55.69924317  
27  1  0.827949706  0  10.65082109  0  0  88.5212292  
27  2  0.067768247  0  4.205647342  10.41097099  0  85.31561342  
27  3  3.847986671  0  16.5238406  0  0  79.62817273  
27  5  0  0  80  0  0  20  
27  6  0  0  0  0  0  100  
27  7  16.03262648  0  4.952535992  0  0  79.01483753  
27  8  0  0  43.18777615  0  0  56.81222385  
27  9  0  0  20  0  0  80  
27  10  52.17464828  0  0.176782067  0  0  47.64856965  
54  1  0.96912304  0  10.26705539  0  0  88.76382157  
54  2  0.103757711  0  4.150967067  10.82761134  0  84.91766389  
54  3  3.350689026  0  7.056170728  0  0  89.59314025  
54  5  0  0  59.53174517  0  0  40.46825483  
54  6  0  0  0  0  0  100  
54  7  15.47462753  0  4.776549851  0  0  79.74882262  
54  8  0.001251104  0  38.80750182  0  0  61.19124708  
54  9  0  0  20  0  0  80  
54  10  35.01722092  0  2.168243073  0  0  62.814536  
11  1  0.978370815  0  10.3061895  0  0  88.71543968  
11  2  0.001331057  0  0.338609488  16.19613583  0  83.46392362  
11  3  5.310736851  0  2.483179575  0  0  92.20608357  
11  5  0  0  45  0  0  55  
11  6  0  0  0  0  0  100  
11  7  16.08527644  0  5.009232202  0  0  78.90549136  
11  8  0  0  38.044274  0  0  61.955726  
11  9  0  0  20  0  0  80  
11  10  31.12611956  0  3.662549285  0  0  65.21133116  
601  1  0.96912304  0  10.26705539  0  0  88.76382157  
601  3  3.350689026  0  7.056170728  0  0  89.59314025  
601  5  0  0  59.53174517  0  0  40.46825483  
601  6  0  0  0  0  0  100  
601  7  15.47462753  0  4.776549851  0  0  79.74882262  
601  8  0.001251104  0  38.80750182  0  0  61.19124708  
601  9  0  0  20  0  0  80  
601  10  35.01722092  0  2.168243073  0  0  62.814536  
49  1  0.989073846  0  9.599857241  0  0  89.41106891  
49  2  0.002162347  0  0.172011858  17.14826876  0  82.67755703  
49  3  3.522770229  0  1.853230261  0  0  94.62399951  
49  5  0  0  59.53174517  0  0  40.46825483  
49  6  0  0  0  0  0  100  
49  7  16.01713443  0  4.981070082  0  0  79.00179549  
49  8  0  0  45.24890812  0  0  54.75109188  
49  9  0  0  20  0  0  80  
49  10  32.43630868  0  2.859955736  0  0  64.70373559  
12  1  0.879051591  0  10.17185788  0  0  88.94909053  
12  2  0.034191703  0  1.324904932  15.67923324  0  82.96167012  
12  3  4.332008555  0  7.430232608  0  0  88.23775884  
12  5  0  0  45  0  0  55  
12  6  0  0  0  0  0  100  
12  7  15.97956228  0  4.960933415  0  0  79.05950431  
12  8  0  0  43.95868503  0  0  56.04131497  
12  9  0  0  20  0  0  80  
12  10  37.71183922  0  0.328359367  0  0  61.95980141  
14  1  0.993278487  0  9.923100743  0  0  89.08362077  
14  2  0.211796719  0  8.849955036  2.491654146  0  88.4465941  
14  3  8.466376115  0  5.549307762  0  0  85.98431612  
14  5  0  0  45  0  0  55  
14  6  0  0  0  0  0  100  
14  7  15.96786056  0  4.8654075  0  0  79.16673194  
14  8  0  0  44.07658957  0  0  55.92341043  
14  9  0  0  20  0  0  80  
14  10  62.9746819  0  0.280617762  0  0  36.74470034  
250  1  0.96912304  0  10.26705539  0  0  88.76382157  
250  3  3.350689026  0  7.056170728  0  0  89.59314025  
250  5  0  0  59.53174517  0  0  40.46825483  
250  6  0  0  0  0  0  100  
250  7  15.47462753  0  4.776549851  0  0  79.74882262  
250  8  0.001251104  0  38.80750182  0  0  61.19124708  
250  9  0  0  20  0  0  80  
250  10  35.01722092  0  2.168243073  0  0  62.814536  
219  1  0.96912304  0  10.26705539  0  0  88.76382157  
219  3  3.350689026  0  7.056170728  0  0  89.59314025  
219  5  0  0  59.53174517  0  0  40.46825483  
219  6  0  0  0  0  0  100  
219  7  15.47462753  0  4.776549851  0  0  79.74882262  
219  8  0.001251104  0  38.80750182  0  0  61.19124708  
219  9  0  0  20  0  0  80  
219  10  35.01722092  0  2.168243073  0  0  62.814536  
13  1  0  0  57.18663974  0  0  42.81336026  
13  2  9.68886E-07  0  51.19209073  0  0  48.8079083  
13  3  18.50797407  0  0.25553091  0  0  81.23649501  
13  5  0  0  59.53174517  0  0  40.46825483  
13  6  0  0  0  0  0  100  
13  7  15.55876884  0  4.779987436  0  0  79.66124372  
13  8  7.24781E-07  0  45.74484106  0  0  54.25515821  
13  9  0  0  20  0  0  80  
13  10  69.23076923  0  0  0  0  30.76923077  
214  1  0.96912304  0  10.26705539  0  0  88.76382157  
214  3  3.350689026  0  7.056170728  0  0  89.59314025  
214  5  0  0  59.53174517  0  0  40.46825483  
214  6  0  0  0  0  0  100  
214  7  15.47462753  0  4.776549851  0  0  79.74882262  
214  8  0.001251104  0  38.80750182  0  0  61.19124708  
214  9  0  0  20  0  0  80  
214  10  35.01722092  0  2.168243073  0  0  62.814536  
15  1  0.710807839  0  12.04701418  0  0  87.24217798  
15  2  0.002741097  0  0.138252821  14.81513672  0  85.04386936  
15  3  1.904450757  0  3.447698573  0  0  94.64785067  
15  5  0  0  59.53174517  0  0  40.46825483  
15  6  0  0  0  0  0  100  
15  7  16.0762925  0  4.980020561  0  0  78.94368694  
15  8  0  0  39.54123837  0  0  60.45876163  
15  9  0  0  20  0  0  80  
15  10  48.58389686  0  1.029262467  0  0  50.38684067  
219  1  0.96912304  0  10.26705539  0  0  88.76382157  
219  3  3.350689026  0  7.056170728  0  0  89.59314025  
219  5  0  0  59.53174517  0  0  40.46825483  
219  6  0  0  0  0  0  100  
219  7  15.47462753  0  4.776549851  0  0  79.74882262  
219  8  0.001251104  0  38.80750182  0  0  61.19124708  
219  9  0  0  20  0  0  80  
219  10  35.01722092  0  2.168243073  0  0  62.814536  
53  1  0.96912304  0  10.26705539  0  0  88.76382157  
53  3  3.350689026  0  7.056170728  0  0  89.59314025  
53  5  0  0  59.53174517  0  0  40.46825483  
53  6  0  0  0  0  0  100  
53  7  15.47462753  0  4.776549851  0  0  79.74882262  
53  8  0.001251104  0  38.80750182  0  0  61.19124708  
53  9  0  0  20  0  0  80  
53  10  35.01722092  0  2.168243073  0  0  62.814536  
219  1  0.96912304  0  10.26705539  0  0  88.76382157  
219  3  3.350689026  0  7.056170728  0  0  89.59314025  
219  5  0  0  59.53174517  0  0  40.46825483  
219  6  0  0  0  0  0  100  
219  7  15.47462753  0  4.776549851  0  0  79.74882262  
219  8  0.001251104  0  38.80750182  0  0  61.19124708  
219  9  0  0  20  0  0  80  
219  10  35.01722092  0  2.168243073  0  0  62.814536  
219  1  0.96912304  0  10.26705539  0  0  88.76382157  
219  3  3.350689026  0  7.056170728  0  0  89.59314025  
219  5  0  0  59.53174517  0  0  40.46825483  
219  6  0  0  0  0  0  100  
219  7  15.47462753  0  4.776549851  0  0  79.74882262  
219  8  0.001251104  0  38.80750182  0  0  61.19124708  
219  9  0  0  20  0  0  80  
219  10  35.01722092  0  2.168243073  0  0  62.814536  
224  1  0.96912304  0  10.26705539  0  0  88.76382157  
224  3  3.350689026  0  7.056170728  0  0  89.59314025  
224  5  0  0  59.53174517  0  0  40.46825483  
224  6  0  0  0  0  0  100  
224  7  15.47462753  0  4.776549851  0  0  79.74882262  
224  8  0.001251104  0  38.80750182  0  0  61.19124708  
224  9  0  0  20  0  0  80  
224  10  35.01722092  0  2.168243073  0  0  62.814536  
45  1  0.330326255  0  29.17269722  0  0  70.49697652  
45  2  0.066840423  0  2.589386436  14.15324689  0  83.19052625  
45  3  5.614461919  0  18.91676887  0  0  75.46876922  
45  5  0  0  45  0  0  55  
45  6  0  0  0  0  0  100  
45  7  15.72495026  0  4.924133658  0  0  79.35091608  
45  8  0  0  46.20250771  0  0  53.79749229  
45  9  0  0  20  0  0  80  
45  10  23.15930378  0  2.365168515  0  0  74.4755277  
16  1  0  0  9.972903289  0  0  90.02709671  
16  2  0.001269958  0  1.268682548  15.39193161  0  83.33811589  
16  3  2.833764911  0  5.011648833  0  0  92.15458626  
16  5  0  0  59.53174517  0  0  40.46825483  
16  6  0  0  0  0  0  100  
16  7  15.91960825  0  4.91053365  0  0  79.1698581  
16  8  0  0  39.90968874  0  0  60.09031126  
16  9  0  0  20  0  0  80  
16  10  69.93133995  0  0  0  0  30.06866005  
44  1  0.148930259  0  12.17380952  0  0  87.67726022  
44  2  0.021431252  0  0.851035942  15.13062629  0  83.99690652  
44  3  6.742418342  0  24.79698522  0  0  68.46059644  
44  5  0  0  45  0  0  55  
44  6  0  0  0  0  0  100  
44  7  15.74827386  0  4.903876894  0  0  79.34784925  
44  8  0  0  45.85073602  0  0  54.14926398  
44  9  0  0  20  0  0  80  
44  10  21.33031801  0  1.575408224  0  0  77.09427377  
224  1  0.96912304  0  10.26705539  0  0  88.76382157  
224  3  3.350689026  0  7.056170728  0  0  89.59314025  
224  5  0  0  59.53174517  0  0  40.46825483  
224  6  0  0  0  0  0  100  
224  7  15.47462753  0  4.776549851  0  0  79.74882262  
224  8  0.001251104  0  38.80750182  0  0  61.19124708  
224  9  0  0  20  0  0  80  
224  10  35.01722092  0  2.168243073  0  0  62.814536  
41  1  0  0  14.3412436  0  0  85.6587564  
41  2  0.060246858  0  2.459264341  12.90878224  0  84.57170657  
41  3  6.243772445  0  13.08225503  0  0  80.67397252  
41  5  0  0  80  0  0  20  
41  6  0  0  0  0  0  100  
41  7  15.66942593  0  6.017868913  0  0  78.31270516  
41  8  0  0  46.1345387  0  0  53.8654613  
41  9  0  0  20  0  0  80  
41  10  28.97998178  0  3.137804264  0  0  67.88221395  
33  8  22.45880171  0  11.75873989  0  47.70599145  18.07646695  
52  1  0.998990958  0  10.00711496  0  0  88.99389408  
52  2  0.005671705  0  0.731851507  15.45393475  0  83.80854204  
52  3  2.774605454  0  4.408113806  0  0  92.81728074  
52  5  0  0  45  0  0  55  
52  6  0  0  0  0  0  100  
52  7  15.97197875  0  5.369146103  0  0  78.65887514  
52  8  0  0  44.65082112  0  0  55.34917888  
52  9  0  0  20  0  0  80  
52  10  27.28067496  0  2.971950307  0  0  69.74737474  
57  1  0  0  27.13760926  0  0  72.86239074  
57  2  0.002171939  0  0.486071572  15.01201654  0  84.49973995  
57  3  6.931529014  0  1.497287686  0  0  91.5711833  
57  5  0  0  59.53174517  0  0  40.46825483  
57  6  0  0  0  0  0  100  
57  7  15.91932447  0  4.867430284  0  0  79.21324524  
57  8  0  0  22.79436065  0  0  77.20563935  
57  9  0  0  20  0  0  80  
57  10  64.73670378  0  1.298285576  0  0  33.96501065  
17  1  0.578527165  0  14.27736986  0  0  85.14410298  
17  2  0.003325947  0  0.46554298  14.45987616  0  85.07125491  
17  3  4.429447173  0  10.65430718  0  0  84.91624564  
17  5  0  0  59.53174517  0  0  40.46825483  
17  6  0  0  0  0  0  100  
17  7  16.10315805  0  4.960705852  0  0  78.9361361  
17  8  0  0  41.20118213  0  0  58.79881787  
17  9  0  0  20  0  0  80  
17  10  50.3381556  0  0.170478044  0  0  49.49136636  
18  1  0.429427401  0  9.629418384  0  0  89.94115421  
18  2  0  0  0.028967795  14.98677984  0  84.98425236  
18  3  18.47424913  0  4.296914772  0  0  77.22883609  
18  5  0  0  79.92642842  0  0  20.07357158  
18  6  0  0  0  0  0  100  
18  7  13.14421319  0  3.622777673  0  0  83.23300914  
18  8  0  0  40.38685603  0  0  59.61314397  
18  9  0  0  20  0  0  80  
18  10  50.07808874  0  0.528517201  0  0  49.39339406  
31  8  47.10937338  0  23.58028484  0  20.62430187  8.686039899  
19  1  0.861617785  0  10.83189313  0  0  88.30648908  
19  2  0.17549573  0  6.763856485  2.126856291  0  90.93379149  
19  3  6.339758208  0  31.05930253  0  0  62.60093926  
19  5  0  0  64.77715275  0  0  35.22284725  
19  6  0  0  0  0  0  100  
19  7  16.01287092  0  4.942990713  0  0  79.04413836  
19  8  0  0  40.92601448  0  0  59.07398552  
19  9  0  0  20  0  0  80  
19  10  44.58573623  0  0.427303652  0  0  54.98696012  
20  1  0.666246288  0  12.94991208  0  0  86.38384163  
20  2  4.79647E-06  0  0.179889874  16.6386456  0  83.18145973  
20  3  4.289640325  0  2.294657814  0  0  93.41570186  
20  5  0  0  59.53174517  0  0  40.46825483  
20  6  0  0  0  0  0  100  
20  7  16.21652924  0  5.042978824  0  0  78.74049193  
20  8  0  0  39.20606108  0  0  60.79393892  
20  9  0  0  20  0  0  80  
20  10  41.93420769  0  2.710596248  0  0  55.35519606  
219  1  0.96912304  0  10.26705539  0  0  88.76382157  
219  3  3.350689026  0  7.056170728  0  0  89.59314025  
219  5  0  0  59.53174517  0  0  40.46825483  
219  6  0  0  0  0  0  100  
219  7  15.47462753  0  4.776549851  0  0  79.74882262  
219  8  0.001251104  0  38.80750182  0  0  61.19124708  
219  9  0  0  20  0  0  80  
219  10  35.01722092  0  2.168243073  0  0  62.814536  
21  1  0.784563356  0  12.62485017  0  0  86.59058648  
21  2  0.001228884  0  0.056616459  15.78101638  0  84.16113828  
21  3  2.986784379  0  2.508222208  0  0  94.50499341  
21  5  0  0  45.00382627  0  0  54.99617373  
21  6  0  0  0  0  0  100  
21  7  15.80982561  0  4.94419275  0  0  79.24598163  
21  8  0  0  44.12601625  0  0  55.87398375  
21  9  0  0  20  0  0  80  
21  10  30.83082176  0  3.375399795  0  0  65.79377845  
61  1  0.977622099  0  10.41241575  0  0  88.60996215  
61  2  0.041773  0  1.690679146  15.46471551  0  82.80283234  
61  3  3.332397652  0  6.733045934  0  0  89.93455641  
61  5  0  0  74.00280076  0  0  25.99719924  
61  6  0  0  0  0  0  100  
61  7  15.55092087  0  5.146760585  0  0  79.30231854  
61  8  6.08362E-08  0  33.98530874  0  0  66.0146912  
61  9  0  0  20  0  0  80  
61  10  16.79465302  0  3.391589147  0  0  79.81375784  
251  1  0.96912304  0  10.26705539  0  0  88.76382157  
251  3  3.350689026  0  7.056170728  0  0  89.59314025  
251  5  0  0  59.53174517  0  0  40.46825483  
251  6  0  0  0  0  0  100  
251  7  15.47462753  0  4.776549851  0  0  79.74882262  
251  8  0.001251104  0  38.80750182  0  0  61.19124708  
251  9  0  0  20  0  0  80  
251  10  35.01722092  0  2.168243073  0  0  62.814536  
23  1  0.044198113  0  10.64306025  0  0  89.31274164  
23  2  1.48206E-07  0  0.005547058  0.357996424  0  99.63645637  
23  3  1.484703715  0  1.90306394  0  0  96.61223235  
23  5  0  0  45  0  0  55  
23  6  0  0  0  0  0  100  
23  7  11.87851711  0  2.994479864  0  0  85.12700303  
23  8  0  0  19.20416966  0  0  80.79583034  
23  9  0  0  20  0  0  80  
23  10  37.01769115  0  0.03641062  0  0  62.94589823  
47  1  0.821310006  0  11.57250421  0  0  87.60618579  
47  2  0.06379963  0  2.463599925  11.70700226  0  85.76559819  
47  3  3.074376948  0  10.60713809  0  0  86.31848496  
47  5  0  0  45  0  0  55  
47  6  0  0  0  0  0  100  
47  7  15.85424936  0  4.913072869  0  0  79.23267777  
47  8  0  0  40.32753604  0  0  59.67246396  
47  9  0  0  20  0  0  80  
47  10  34.73372991  0  0.603051822  0  0  64.66321826  
48  1  0.968486137  0  10.05660345  0  0  88.97491041  
48  2  1.28641E-05  0  0.231945199  28.51965539  0  71.24838655  
48  3  5.316185355  0  2.812188118  0  0  91.87162653  
48  5  0  0  45  0  0  55  
48  6  0  0  0  0  0  100  
48  7  15.98358342  0  4.922790216  0  0  79.09362637  
48  8  0  0  43.80153546  0  0  56.19846454  
48  9  0  0  20  0  0  80  
48  10  52.03273681  0  0.552504347  0  0  47.41475885  
219  1  0.96912304  0  10.26705539  0  0  88.76382157  
219  3  3.350689026  0  7.056170728  0  0  89.59314025  
219  5  0  0  59.53174517  0  0  40.46825483  
219  6  0  0  0  0  0  100  
219  7  15.47462753  0  4.776549851  0  0  79.74882262  
219  8  0.001251104  0  38.80750182  0  0  61.19124708  
219  9  0  0  20  0  0  80  
219  10  35.01722092  0  2.168243073  0  0  62.814536  
95  1  0.96912304  0  10.26705539  0  0  88.76382157  
95  3  3.350689026  0  7.056170728  0  0  89.59314025  
95  5  0  0  59.53174517  0  0  40.46825483  
95  6  0  0  0  0  0  100  
95  7  15.47462753  0  4.776549851  0  0  79.74882262  
95  8  0.001251104  0  38.80750182  0  0  61.19124708  
95  9  0  0  20  0  0  80  
95  10  35.01722092  0  2.168243073  0  0  62.814536  
224  1  0.96912304  0  10.26705539  0  0  88.76382157  
224  3  3.350689026  0  7.056170728  0  0  89.59314025  
224  5  0  0  59.53174517  0  0  40.46825483  
224  6  0  0  0  0  0  100  
224  7  15.47462753  0  4.776549851  0  0  79.74882262  
224  8  0.001251104  0  38.80750182  0  0  61.19124708  
224  9  0  0  20  0  0  80  
224  10  35.01722092  0  2.168243073  0  0  62.814536  
25  1  0.997198783  0  10.0058765  0  0  88.99692471  
25  2  0.099945249  0  3.938655986  9.831652019  0  86.12974675  
25  3  1.659638353  0  4.20809907  0  0  94.13226258  
25  5  0  0  45  0  0  55  
25  6  0  0  0  0  0  100  
25  7  15.85768827  0  5.048078522  0  0  79.09423321  
25  8  3.48893E-07  0  44.09789561  0  0  55.90210404  
25  9  0  0  20  0  0  80  
25  10  55.46650999  0  3.976341559  0  0  40.55714845  
40  1  0.998465017  0  10.02233444  0  0  88.97920054  
40  2  0.067414024  0  2.622212707  13.68327655  0  83.62709672  
40  3  3.338061733  0  8.370588872  0  0  88.29134939  
40  5  0  0  79.79473501  0  0  20.20526499  
40  6  0  0  0  0  0  100  
40  7  15.72079392  0  5.100742421  0  0  79.17846365  
40  8  3.16603E-07  0  38.89972211  0  0  61.10027757  
40  9  0  0  20  0  0  80  
40  10  25.36069831  0  2.994485542  0  0  71.64481615  
94  1  0.96912304  0  10.26705539  0  0  88.76382157  
94  3  3.350689026  0  7.056170728  0  0  89.59314025  
94  5  0  0  59.53174517  0  0  40.46825483  
94  6  0  0  0  0  0  100  
94  7  15.47462753  0  4.776549851  0  0  79.74882262  
94  8  0.001251104  0  38.80750182  0  0  61.19124708  
94  9  0  0  20  0  0  80  
94  10  35.01722092  0  2.168243073  0  0  62.814536  
51  1  0.999135296  0  9.995611508  0  0  89.0052532  
51  2  0.050431319  0  2.004059097  12.35983728  0  85.5856723  
51  3  2.40011506  0  6.821280127  0  0  90.77860481  
51  5  0  0  45.06210947  0  0  54.93789053  
51  6  0  0  0  0  0  100  
51  7  15.82318089  0  5.52154592  0  0  78.65527319  
51  8  0.008993325  0  44.39663374  0  0  55.59437293  
51  9  0  0  20  0  0  80  
51  10  31.69643559  0  3.520711439  0  0  64.78285297  
